0 0.334375 0.231481 0.050000 0.066667
0 0.452083 0.649074 0.139583 0.283333
0 0.639062 0.131481 0.028125 0.051852
0 0.577604 0.103704 0.026042 0.040741
0 0.692187 0.167593 0.034375 0.061111
0 0.684375 0.219444 0.052083 0.087037
0 0.408854 0.332407 0.063542 0.094444
0 0.344792 0.308333 0.062500 0.090741
0 0.514062 0.187037 0.038542 0.059259
0 0.757292 0.270370 0.058333 0.085185
0 0.447917 0.177778 0.037500 0.055556
0 0.485938 0.111111 0.026042 0.044444
0 0.528646 0.140741 0.030208 0.044444
0 0.809896 0.507407 0.115625 0.162963
