0 0.671875 0.049074 0.022917 0.038889
0 0.704167 0.487037 0.127083 0.214815
0 0.642708 0.047222 0.020833 0.031481
0 0.514062 0.114815 0.030208 0.048148
0 0.584896 0.185185 0.046875 0.081481
0 0.731250 0.109259 0.035417 0.044444
0 0.777604 0.101852 0.040625 0.059259
0 0.582292 0.111111 0.031250 0.055556
0 0.804167 0.182407 0.054167 0.057407
0 0.559896 0.087963 0.023958 0.038889
0 0.621354 0.091667 0.026042 0.042593
0 0.840104 0.303704 0.080208 0.096296
0 0.906250 0.230556 0.066667 0.079630
0 0.963021 0.492593 0.073958 0.151852
