0 0.641667 0.124074 0.029167 0.048148
0 0.666146 0.167593 0.042708 0.064815
0 0.597396 0.166667 0.036458 0.062963
0 0.735417 0.176852 0.045833 0.064815
0 0.690625 0.254630 0.058333 0.098148
0 0.631771 0.328704 0.076042 0.127778
0 0.816667 0.340741 0.083333 0.118519
0 0.681250 0.589815 0.116667 0.190741
0 0.858333 0.589815 0.133333 0.183333
0 0.326042 0.225926 0.050000 0.074074
0 0.302604 0.372222 0.078125 0.114815
0 0.131250 0.780556 0.187500 0.264815
0 0.496875 0.276852 0.054167 0.090741
0 0.415625 0.152778 0.037500 0.053704
0 0.518229 0.162963 0.034375 0.062963
0 0.462500 0.120370 0.029167 0.048148
0 0.518750 0.106481 0.031250 0.050000
