0 0.497396 0.117593 0.034375 0.053704
0 0.606771 0.334259 0.073958 0.124074
0 0.695833 0.056481 0.022917 0.035185
0 0.561458 0.238889 0.058333 0.092593
0 0.771875 0.439815 0.100000 0.161111
0 0.683333 0.075926 0.029167 0.029630
0 0.732292 0.062963 0.027083 0.037037
0 0.696875 0.109259 0.037500 0.062963
0 0.768750 0.113889 0.045833 0.068519
0 0.577604 0.103704 0.030208 0.044444
0 0.773438 0.198148 0.051042 0.062963
0 0.889062 0.238889 0.067708 0.088889
0 0.489063 0.153704 0.055208 0.062963
0 0.566146 0.048148 0.017708 0.033333
