0 0.338021 0.252778 0.042708 0.072222
0 0.627083 0.112037 0.025000 0.046296
0 0.673958 0.125926 0.027083 0.051852
0 0.651042 0.156481 0.037500 0.064815
0 0.487500 0.332407 0.060417 0.105556
0 0.708333 0.168519 0.037500 0.055556
0 0.371354 0.405556 0.082292 0.118519
0 0.463021 0.172222 0.036458 0.062963
0 0.519792 0.245370 0.045833 0.068519
0 0.695312 0.265741 0.055208 0.090741
0 0.788542 0.270370 0.064583 0.088889
0 0.516667 0.166667 0.031250 0.055556
0 0.448958 0.144444 0.029167 0.048148
0 0.485417 0.116667 0.025000 0.037037
0 0.872396 0.595370 0.132292 0.172222
