0 0.642708 0.131481 0.031250 0.048148
0 0.669271 0.175926 0.048958 0.059259
0 0.597917 0.181481 0.041667 0.066667
0 0.742708 0.185185 0.047917 0.070370
0 0.701562 0.272222 0.061458 0.111111
0 0.640104 0.365741 0.084375 0.146296
0 0.834896 0.374074 0.092708 0.129630
0 0.706771 0.690741 0.138542 0.211111
0 0.893750 0.693519 0.143750 0.224074
0 0.324479 0.222222 0.048958 0.066667
0 0.320312 0.338889 0.071875 0.103704
0 0.194271 0.645370 0.155208 0.212963
0 0.501563 0.240741 0.046875 0.081481
0 0.419792 0.145370 0.035417 0.050000
0 0.518229 0.148148 0.034375 0.055556
0 0.465104 0.113889 0.028125 0.046296
0 0.518229 0.095370 0.026042 0.042593
