0 0.643750 0.138889 0.033333 0.062963
0 0.588542 0.155556 0.039583 0.074074
0 0.714583 0.156481 0.039583 0.064815
0 0.602604 0.213889 0.042708 0.075926
0 0.685937 0.212963 0.048958 0.074074
0 0.717708 0.303704 0.066667 0.118519
0 0.836458 0.324074 0.083333 0.111111
0 0.693750 0.481481 0.095833 0.155556
0 0.327083 0.237963 0.043750 0.072222
0 0.473438 0.485185 0.082292 0.166667
0 0.427083 0.217593 0.047917 0.072222
0 0.497396 0.221296 0.048958 0.090741
0 0.507812 0.161111 0.036458 0.059259
0 0.474479 0.098148 0.030208 0.048148
0 0.519271 0.088889 0.026042 0.044444
