0 0.474479 0.225000 0.053125 0.079630
0 0.534896 0.365741 0.078125 0.135185
0 0.566667 0.222222 0.054167 0.085185
0 0.718229 0.067593 0.030208 0.046296
0 0.659896 0.238889 0.053125 0.092593
0 0.861979 0.125926 0.046875 0.059259
0 0.585417 0.148148 0.039583 0.074074
0 0.644792 0.159259 0.043750 0.092593
0 0.866146 0.169444 0.061458 0.075926
0 0.925000 0.537963 0.125000 0.190741
0 0.958854 0.404630 0.082292 0.135185
0 0.967187 0.252778 0.065625 0.098148
0 0.639062 0.075000 0.028125 0.046296
0 0.601042 0.081481 0.027083 0.040741
