0 0.334896 0.230556 0.044792 0.072222
0 0.631250 0.115741 0.025000 0.053704
0 0.577083 0.079630 0.020833 0.040741
0 0.682292 0.136111 0.035417 0.046296
0 0.667188 0.174074 0.046875 0.070370
0 0.307292 0.607407 0.116667 0.192593
0 0.186979 0.563889 0.121875 0.175926
0 0.502604 0.236111 0.044792 0.079630
0 0.733333 0.200926 0.045833 0.068519
0 0.422396 0.244444 0.051042 0.074074
0 0.475000 0.134259 0.031250 0.053704
0 0.526042 0.172222 0.041667 0.059259
0 0.736979 0.345370 0.073958 0.120370
0 0.884375 0.386111 0.095833 0.127778
0 0.511458 0.121296 0.031250 0.042593
0 0.459896 0.109259 0.021875 0.037037
