0 0.692708 0.829630 0.158333 0.307407
0 0.744271 0.036111 0.026042 0.035185
0 0.767708 0.051852 0.025000 0.040741
0 0.643750 0.263889 0.060417 0.098148
0 0.790104 0.035185 0.028125 0.033333
0 0.700000 0.037963 0.025000 0.038889
0 0.530208 0.117593 0.033333 0.061111
0 0.757812 0.311111 0.078125 0.129630
0 0.540625 0.265741 0.052083 0.098148
0 0.581250 0.102778 0.029167 0.053704
0 0.852083 0.147222 0.058333 0.068519
0 0.665625 0.103704 0.043750 0.070370
0 0.559375 0.050000 0.025000 0.044444
0 0.969792 0.287037 0.060417 0.114815
