0 0.470833 0.222222 0.054167 0.081481
0 0.344271 0.819444 0.196875 0.327778
0 0.655208 0.287037 0.062500 0.111111
0 0.593750 0.133333 0.035417 0.059259
0 0.711458 0.066667 0.029167 0.048148
0 0.755729 0.071296 0.032292 0.050000
0 0.797396 0.062037 0.032292 0.050000
0 0.503646 0.418519 0.092708 0.162963
0 0.742708 0.162963 0.050000 0.074074
0 0.650521 0.125926 0.038542 0.062963
0 0.876563 0.222222 0.067708 0.085185
0 0.842708 0.354630 0.087500 0.127778
0 0.566667 0.103704 0.035417 0.059259
0 0.622917 0.092593 0.035417 0.051852
