0 0.470833 0.225000 0.054167 0.083333
0 0.373437 0.764815 0.182292 0.351852
0 0.653646 0.270370 0.059375 0.107407
0 0.593750 0.129630 0.035417 0.059259
0 0.712500 0.071296 0.029167 0.050000
0 0.757812 0.074074 0.034375 0.048148
0 0.801042 0.063889 0.033333 0.050000
0 0.511458 0.390741 0.087500 0.151852
0 0.744792 0.170370 0.052083 0.074074
0 0.650000 0.121296 0.037500 0.061111
0 0.886458 0.237037 0.070833 0.088889
0 0.854688 0.379630 0.094792 0.137037
0 0.565104 0.103704 0.036458 0.059259
0 0.620833 0.089815 0.035417 0.050000
