0 0.332292 0.227778 0.043750 0.066667
0 0.686458 0.127778 0.035417 0.048148
0 0.490625 0.212037 0.050000 0.090741
0 0.583333 0.136111 0.031250 0.057407
0 0.452083 0.611111 0.108333 0.207407
0 0.665104 0.181481 0.042708 0.066667
0 0.591667 0.167593 0.035417 0.061111
0 0.493229 0.321296 0.061458 0.112963
0 0.739062 0.281481 0.067708 0.088889
0 0.763542 0.370370 0.091667 0.144444
0 0.477083 0.137963 0.029167 0.046296
0 0.435937 0.125000 0.026042 0.046296
0 0.519271 0.106481 0.023958 0.042593
0 0.892188 0.696296 0.153125 0.244444
