0 0.689063 0.671296 0.119792 0.261111
0 0.496875 0.476852 0.097917 0.172222
0 0.469271 0.216667 0.053125 0.077778
0 0.652604 0.334259 0.076042 0.168519
0 0.556250 0.250000 0.060417 0.111111
0 0.645312 0.122222 0.036458 0.062963
0 0.597396 0.094444 0.028125 0.048148
0 0.754167 0.170370 0.050000 0.074074
0 0.808333 0.159259 0.050000 0.074074
0 0.861979 0.127778 0.048958 0.066667
0 0.798958 0.093519 0.041667 0.057407
0 0.961458 0.082407 0.077083 0.061111
0 0.576042 0.175926 0.045833 0.070370
0 0.854167 0.435185 0.114583 0.159259
