0 0.334896 0.231481 0.044792 0.074074
0 0.414583 0.867593 0.166667 0.264815
0 0.635417 0.124074 0.031250 0.051852
0 0.575521 0.092593 0.023958 0.040741
0 0.687500 0.154630 0.037500 0.057407
0 0.676042 0.200000 0.050000 0.081481
0 0.375521 0.418519 0.082292 0.122222
0 0.294792 0.386111 0.077083 0.105556
0 0.507292 0.207407 0.041667 0.066667
0 0.745313 0.242593 0.055208 0.081481
0 0.439583 0.203704 0.043750 0.066667
0 0.481250 0.123148 0.025000 0.050000
0 0.528125 0.156481 0.035417 0.053704
0 0.771875 0.425000 0.093750 0.138889
0 0.939583 0.512963 0.079167 0.162963
0 0.504687 0.108333 0.021875 0.038889
