0 0.331771 0.226852 0.042708 0.068519
0 0.098437 0.923148 0.194792 0.153704
0 0.690104 0.131481 0.036458 0.051852
0 0.490625 0.205556 0.047917 0.085185
0 0.584375 0.138889 0.031250 0.059259
0 0.461458 0.554630 0.095833 0.187037
0 0.666146 0.187963 0.042708 0.072222
0 0.591667 0.168519 0.037500 0.055556
0 0.494792 0.299074 0.060417 0.105556
0 0.743750 0.289815 0.068750 0.098148
0 0.768229 0.379630 0.092708 0.151852
0 0.478125 0.132407 0.029167 0.046296
0 0.438021 0.121296 0.026042 0.046296
0 0.519792 0.103704 0.025000 0.040741
0 0.902604 0.737963 0.151042 0.268519
