0 0.608854 0.084259 0.021875 0.035185
0 0.621875 0.128704 0.029167 0.035185
0 0.338021 0.221296 0.059375 0.072222
0 0.436979 0.214815 0.042708 0.074074
0 0.504687 0.187963 0.040625 0.072222
0 0.617708 0.166667 0.035417 0.062963
0 0.716667 0.276852 0.064583 0.094444
0 0.495312 0.102778 0.028125 0.050000
0 0.632812 0.312037 0.069792 0.112963
0 0.519271 0.135185 0.028125 0.040741
0 0.782292 0.429630 0.093750 0.148148
0 0.659896 0.444444 0.092708 0.159259
0 0.529167 0.096296 0.025000 0.040741
0 0.914062 0.740741 0.128125 0.259259
