0 0.334896 0.236111 0.042708 0.068519
0 0.628646 0.110185 0.026042 0.042593
0 0.678646 0.132407 0.032292 0.050000
0 0.658333 0.166667 0.041667 0.066667
0 0.208333 0.879630 0.168750 0.211111
0 0.056771 0.837037 0.111458 0.218519
0 0.495833 0.275000 0.050000 0.090741
0 0.723958 0.183333 0.045833 0.066667
0 0.403646 0.301852 0.059375 0.088889
0 0.469792 0.149074 0.031250 0.053704
0 0.523438 0.200000 0.040625 0.066667
0 0.716146 0.303704 0.063542 0.100000
0 0.837500 0.323148 0.079167 0.101852
0 0.516146 0.140741 0.030208 0.048148
0 0.454688 0.124074 0.023958 0.040741
0 0.489063 0.100926 0.021875 0.035185
