0 0.469792 0.221296 0.054167 0.079630
0 0.422917 0.622222 0.143750 0.270370
0 0.652083 0.240741 0.056250 0.096296
0 0.594792 0.122222 0.033333 0.059259
0 0.715104 0.075926 0.030208 0.048148
0 0.761979 0.079630 0.034375 0.051852
0 0.806771 0.066667 0.034375 0.051852
0 0.526042 0.343519 0.077083 0.135185
0 0.750521 0.183333 0.055208 0.074074
0 0.647396 0.108333 0.034375 0.057407
0 0.909375 0.265741 0.079167 0.101852
0 0.882812 0.438889 0.109375 0.155556
0 0.562500 0.100926 0.033333 0.061111
0 0.616667 0.083333 0.035417 0.048148
