0 0.336458 0.235185 0.050000 0.070370
0 0.662500 0.096296 0.018750 0.040741
0 0.494271 0.354630 0.076042 0.150000
0 0.584375 0.103704 0.027083 0.044444
0 0.650521 0.149074 0.038542 0.061111
0 0.583854 0.132407 0.034375 0.050000
0 0.708854 0.214815 0.053125 0.066667
0 0.712500 0.269444 0.064583 0.098148
0 0.456771 0.214815 0.042708 0.062963
0 0.408854 0.199074 0.040625 0.057407
0 0.519792 0.146296 0.029167 0.044444
0 0.783854 0.389815 0.084375 0.127778
0 0.460417 0.126852 0.027083 0.046296
0 0.500521 0.094444 0.023958 0.040741
0 0.534375 0.110185 0.025000 0.038889
0 0.944792 0.891667 0.070833 0.190741
