0 0.623958 0.104630 0.029167 0.050000
0 0.683333 0.100000 0.033333 0.048148
0 0.585417 0.127778 0.029167 0.051852
0 0.657813 0.126852 0.030208 0.050000
0 0.660417 0.172222 0.043750 0.070370
0 0.741146 0.202778 0.053125 0.072222
0 0.623958 0.237963 0.054167 0.083333
0 0.870833 0.355556 0.091667 0.125926
0 0.830729 0.547222 0.132292 0.179630
0 0.799479 0.892593 0.184375 0.214815
0 0.307292 0.295370 0.060417 0.087037
0 0.333854 0.410185 0.082292 0.124074
0 0.448437 0.565741 0.109375 0.224074
0 0.485417 0.292593 0.058333 0.100000
0 0.453125 0.147222 0.039583 0.057407
0 0.513542 0.148148 0.039583 0.070370
