0 0.642708 0.128704 0.031250 0.046296
0 0.667188 0.174074 0.042708 0.066667
0 0.598437 0.173148 0.036458 0.064815
0 0.739583 0.182407 0.047917 0.068519
0 0.696875 0.264815 0.060417 0.100000
0 0.635938 0.347222 0.080208 0.131481
0 0.826042 0.359259 0.087500 0.125926
0 0.693229 0.637963 0.121875 0.198148
0 0.877083 0.638889 0.145833 0.203704
0 0.325521 0.226852 0.048958 0.072222
0 0.312500 0.354630 0.075000 0.109259
0 0.165625 0.706481 0.170833 0.238889
0 0.499479 0.257407 0.051042 0.085185
0 0.417708 0.148148 0.035417 0.051852
0 0.518229 0.153704 0.034375 0.059259
0 0.464062 0.118519 0.028125 0.044444
0 0.519271 0.101852 0.028125 0.048148
