0 0.335417 0.238889 0.043750 0.070370
0 0.626563 0.110185 0.026042 0.042593
0 0.678125 0.130556 0.031250 0.046296
0 0.657292 0.162963 0.041667 0.062963
0 0.494792 0.286111 0.052083 0.094444
0 0.720313 0.179630 0.042708 0.066667
0 0.397396 0.319444 0.061458 0.094444
0 0.467708 0.153704 0.031250 0.051852
0 0.523438 0.207407 0.040625 0.066667
0 0.711979 0.295370 0.061458 0.098148
0 0.826042 0.312037 0.075000 0.098148
0 0.516667 0.145370 0.029167 0.046296
0 0.454167 0.127778 0.022917 0.040741
0 0.488542 0.103704 0.022917 0.033333
0 0.939583 0.825000 0.083333 0.253704
