0 0.474479 0.199074 0.053125 0.079630
0 0.377604 0.747222 0.171875 0.353704
0 0.560937 0.895370 0.173958 0.209259
0 0.520833 0.388889 0.083333 0.148148
0 0.639062 0.525926 0.098958 0.196296
0 0.455208 0.173148 0.085417 0.068519
0 0.759375 0.061111 0.033333 0.051852
0 0.732292 0.092593 0.041667 0.059259
0 0.819792 0.092593 0.043750 0.062963
0 0.598958 0.149074 0.043750 0.068519
0 0.865104 0.177778 0.063542 0.085185
0 0.945312 0.158333 0.067708 0.098148
0 0.576562 0.090741 0.042708 0.070370
0 0.645833 0.065741 0.031250 0.057407
