0 0.710417 0.927778 0.162500 0.144444
0 0.461979 0.624074 0.130208 0.237037
0 0.469792 0.216667 0.054167 0.077778
0 0.660417 0.431481 0.097917 0.218519
0 0.536458 0.303704 0.072917 0.133333
0 0.646354 0.143519 0.040625 0.068519
0 0.596354 0.099074 0.030208 0.053704
0 0.738542 0.135185 0.041667 0.062963
0 0.790625 0.125926 0.043750 0.062963
0 0.844792 0.103704 0.043750 0.062963
0 0.791146 0.074074 0.034375 0.051852
0 0.969792 0.079630 0.060417 0.059259
0 0.568229 0.205556 0.051042 0.081481
0 0.809375 0.324074 0.087500 0.122222
