0 0.389583 0.885185 0.185417 0.229630
0 0.469271 0.217593 0.053125 0.083333
0 0.675521 0.662963 0.144792 0.344444
0 0.498437 0.412963 0.092708 0.177778
0 0.646875 0.180556 0.045833 0.079630
0 0.596875 0.107407 0.031250 0.055556
0 0.724479 0.103704 0.036458 0.062963
0 0.774479 0.099074 0.038542 0.057407
0 0.824479 0.081481 0.036458 0.055556
0 0.783333 0.056481 0.033333 0.046296
0 0.977604 0.079630 0.044792 0.062963
0 0.552604 0.258333 0.061458 0.101852
0 0.773438 0.239815 0.067708 0.094444
0 0.645833 0.087963 0.033333 0.053704
0 0.968229 0.373148 0.063542 0.131481
0 0.955729 0.675000 0.088542 0.238889
