0 0.327604 0.922222 0.194792 0.155556
0 0.683333 0.607407 0.108333 0.233333
0 0.503646 0.447222 0.092708 0.161111
0 0.469271 0.216667 0.053125 0.077778
0 0.651042 0.312963 0.072917 0.162963
0 0.558333 0.237037 0.058333 0.107407
0 0.643750 0.116667 0.035417 0.062963
0 0.597396 0.090741 0.028125 0.048148
0 0.758854 0.180556 0.051042 0.075926
0 0.814583 0.163889 0.052083 0.075926
0 0.866146 0.132407 0.048958 0.068519
0 0.800521 0.096296 0.042708 0.055556
0 0.958854 0.080556 0.082292 0.057407
0 0.577604 0.168519 0.044792 0.070370
0 0.870833 0.467593 0.122917 0.168519
