0 0.489583 0.127778 0.041667 0.062963
0 0.635417 0.538889 0.110417 0.211111
0 0.679167 0.053704 0.020833 0.037037
0 0.542708 0.356481 0.058333 0.120370
0 0.674479 0.068519 0.032292 0.040741
0 0.709375 0.049074 0.025000 0.035185
0 0.668229 0.082407 0.030208 0.046296
0 0.735417 0.090741 0.035417 0.051852
0 0.590104 0.145370 0.040625 0.064815
0 0.732292 0.143519 0.041667 0.053704
0 0.817708 0.180556 0.058333 0.079630
0 0.516667 0.167593 0.060417 0.061111
0 0.566667 0.061111 0.016667 0.037037
0 0.967187 0.503704 0.065625 0.144444
