0 0.336458 0.231481 0.047917 0.074074
0 0.435417 0.766667 0.156250 0.340741
0 0.638542 0.125926 0.031250 0.048148
0 0.577083 0.097222 0.022917 0.038889
0 0.690104 0.163889 0.036458 0.061111
0 0.680208 0.207407 0.052083 0.081481
0 0.392708 0.369444 0.068750 0.098148
0 0.323437 0.343519 0.073958 0.098148
0 0.509375 0.195370 0.037500 0.057407
0 0.749479 0.255556 0.057292 0.088889
0 0.444792 0.187963 0.039583 0.057407
0 0.483854 0.117593 0.030208 0.046296
0 0.529167 0.146296 0.033333 0.051852
0 0.790625 0.461111 0.097917 0.151852
