0 0.334896 0.224074 0.048958 0.066667
0 0.470833 0.551852 0.112500 0.237037
0 0.640104 0.126852 0.032292 0.053704
0 0.578646 0.100926 0.028125 0.042593
0 0.693750 0.173148 0.039583 0.061111
0 0.690104 0.221296 0.057292 0.083333
0 0.421354 0.294444 0.061458 0.088889
0 0.361979 0.272222 0.055208 0.077778
0 0.514062 0.171296 0.036458 0.053704
0 0.759896 0.285185 0.063542 0.092593
0 0.452083 0.160185 0.035417 0.053704
0 0.489063 0.100926 0.026042 0.042593
0 0.530208 0.128704 0.031250 0.042593
0 0.836979 0.555556 0.126042 0.185185
