0 0.471354 0.217593 0.053125 0.083333
0 0.686458 0.793519 0.172917 0.379630
0 0.475521 0.479630 0.113542 0.207407
0 0.648958 0.200000 0.050000 0.088889
0 0.597396 0.112037 0.032292 0.057407
0 0.720313 0.089815 0.034375 0.057407
0 0.768229 0.089815 0.036458 0.057407
0 0.817708 0.074074 0.035417 0.059259
0 0.780208 0.051852 0.031250 0.048148
0 0.542708 0.285185 0.066667 0.111111
0 0.762500 0.215741 0.062500 0.090741
0 0.646875 0.094444 0.033333 0.055556
0 0.953125 0.322222 0.093750 0.122222
0 0.936979 0.561111 0.126042 0.200000
0 0.559896 0.097222 0.032292 0.061111
