0 0.334375 0.235185 0.041667 0.070370
0 0.630208 0.112963 0.025000 0.044444
0 0.576562 0.076852 0.021875 0.035185
0 0.679167 0.134259 0.033333 0.053704
0 0.658854 0.169444 0.040625 0.068519
0 0.239063 0.824074 0.153125 0.259259
0 0.080208 0.771296 0.158333 0.235185
0 0.497917 0.265741 0.047917 0.087037
0 0.726042 0.187963 0.047917 0.068519
0 0.408333 0.287037 0.056250 0.085185
0 0.470313 0.145370 0.030208 0.053704
0 0.523438 0.192593 0.040625 0.062963
0 0.719792 0.313889 0.064583 0.101852
0 0.847396 0.336111 0.082292 0.101852
0 0.516146 0.135185 0.030208 0.048148
0 0.455729 0.120370 0.026042 0.040741
0 0.489063 0.098148 0.021875 0.037037
