0 0.644792 0.143519 0.035417 0.064815
0 0.590625 0.163889 0.039583 0.072222
0 0.719271 0.164815 0.042708 0.059259
0 0.604167 0.229630 0.047917 0.081481
0 0.692187 0.225926 0.051042 0.077778
0 0.731771 0.334259 0.076042 0.127778
0 0.855729 0.346296 0.088542 0.118519
0 0.707812 0.539815 0.111458 0.172222
0 0.325521 0.234259 0.044792 0.072222
0 0.481771 0.410185 0.073958 0.142593
0 0.434375 0.202778 0.045833 0.072222
0 0.503125 0.201852 0.043750 0.077778
0 0.509375 0.150926 0.033333 0.061111
0 0.475521 0.090741 0.030208 0.044444
0 0.519792 0.082407 0.022917 0.046296
