0 0.622917 0.091667 0.029167 0.053704
0 0.676042 0.087963 0.029167 0.046296
0 0.583854 0.114815 0.030208 0.048148
0 0.655208 0.119444 0.029167 0.042593
0 0.653646 0.153704 0.040625 0.062963
0 0.730729 0.184259 0.046875 0.068519
0 0.615625 0.213889 0.050000 0.075926
0 0.843229 0.318519 0.082292 0.114815
0 0.789062 0.452778 0.109375 0.146296
0 0.743229 0.707407 0.146875 0.237037
0 0.302083 0.312963 0.060417 0.092593
0 0.304688 0.481481 0.092708 0.148148
0 0.420833 0.756481 0.141667 0.312963
0 0.478125 0.338889 0.064583 0.111111
0 0.447396 0.152778 0.040625 0.057407
0 0.510938 0.160185 0.040625 0.075926
