0 0.579688 0.101852 0.028125 0.048148
0 0.683854 0.111111 0.032292 0.051852
0 0.649479 0.159259 0.036458 0.070370
0 0.595313 0.184259 0.044792 0.079630
0 0.728646 0.184259 0.046875 0.068519
0 0.609375 0.259259 0.052083 0.092593
0 0.705729 0.258333 0.057292 0.087037
0 0.757812 0.393519 0.092708 0.146296
0 0.884375 0.389815 0.100000 0.135185
0 0.741667 0.664815 0.137500 0.222222
0 0.325000 0.226852 0.045833 0.075926
0 0.076042 0.777778 0.150000 0.244444
0 0.348438 0.187963 0.073958 0.053704
0 0.494271 0.336111 0.059375 0.116667
0 0.440625 0.185185 0.041667 0.070370
0 0.507292 0.180556 0.041667 0.072222
0 0.510938 0.131481 0.030208 0.048148
0 0.480208 0.085185 0.027083 0.037037
