0 0.626042 0.099074 0.029167 0.050000
0 0.674479 0.101852 0.032292 0.048148
0 0.648958 0.141667 0.033333 0.057407
0 0.677083 0.189815 0.047917 0.068519
0 0.605208 0.203704 0.043750 0.074074
0 0.757812 0.212037 0.053125 0.075926
0 0.718750 0.310185 0.075000 0.124074
0 0.657292 0.431481 0.097917 0.166667
0 0.869792 0.450000 0.106250 0.151852
0 0.755729 0.882407 0.182292 0.205556
0 0.326042 0.222222 0.052083 0.070370
0 0.343750 0.301852 0.064583 0.096296
0 0.268229 0.513889 0.123958 0.161111
0 0.507292 0.208333 0.041667 0.072222
0 0.423438 0.137963 0.032292 0.053704
0 0.521354 0.133333 0.032292 0.051852
0 0.467187 0.106481 0.028125 0.046296
0 0.519792 0.087963 0.025000 0.038889
