0 0.333333 0.230556 0.045833 0.075926
0 0.634375 0.124074 0.027083 0.051852
0 0.576042 0.088889 0.022917 0.037037
0 0.683854 0.149074 0.032292 0.057407
0 0.672917 0.192593 0.047917 0.074074
0 0.353646 0.481481 0.086458 0.140741
0 0.260417 0.442593 0.089583 0.118519
0 0.505208 0.220370 0.041667 0.077778
0 0.742188 0.226852 0.055208 0.079630
0 0.432812 0.216667 0.044792 0.074074
0 0.479687 0.126852 0.028125 0.046296
0 0.525521 0.161111 0.036458 0.051852
0 0.755208 0.389815 0.085417 0.124074
0 0.926042 0.461111 0.102083 0.144444
0 0.508333 0.116667 0.025000 0.037037
0 0.462500 0.102778 0.022917 0.038889
