0 0.625000 0.109259 0.029167 0.051852
0 0.685417 0.109259 0.031250 0.051852
0 0.586979 0.137037 0.034375 0.059259
0 0.657292 0.135185 0.031250 0.055556
0 0.663542 0.180556 0.045833 0.068519
0 0.749479 0.213889 0.057292 0.075926
0 0.629167 0.258333 0.058333 0.087037
0 0.893750 0.385185 0.100000 0.129630
0 0.869792 0.627778 0.154167 0.214815
0 0.313021 0.283333 0.057292 0.088889
0 0.349479 0.371296 0.073958 0.116667
0 0.459896 0.480556 0.098958 0.187037
0 0.489583 0.269444 0.052083 0.098148
0 0.455208 0.139815 0.037500 0.053704
0 0.515625 0.137037 0.037500 0.066667
