0 0.334375 0.230556 0.043750 0.072222
0 0.630729 0.112037 0.023958 0.050000
0 0.577604 0.076852 0.021875 0.035185
0 0.681250 0.134259 0.035417 0.050000
0 0.663542 0.169444 0.045833 0.068519
0 0.286979 0.665741 0.128125 0.216667
0 0.151562 0.618519 0.136458 0.188889
0 0.501563 0.245370 0.044792 0.083333
0 0.730729 0.194444 0.046875 0.066667
0 0.418229 0.255556 0.053125 0.077778
0 0.473438 0.137963 0.032292 0.053704
0 0.524479 0.176852 0.040625 0.057407
0 0.730208 0.333333 0.068750 0.111111
0 0.871354 0.367593 0.088542 0.120370
0 0.513021 0.123148 0.030208 0.042593
0 0.457813 0.112037 0.021875 0.035185
0 0.491146 0.092593 0.021875 0.033333
