0 0.332813 0.230556 0.048958 0.068519
0 0.665625 0.101852 0.025000 0.044444
0 0.494792 0.306481 0.070833 0.131481
0 0.580729 0.106481 0.026042 0.042593
0 0.650521 0.153704 0.038542 0.066667
0 0.582292 0.135185 0.033333 0.048148
0 0.443229 0.713889 0.121875 0.253704
0 0.711458 0.231481 0.052083 0.081481
0 0.721354 0.290741 0.067708 0.107407
0 0.460417 0.188889 0.041667 0.062963
0 0.417187 0.177778 0.036458 0.051852
0 0.518750 0.133333 0.029167 0.044444
0 0.793750 0.430556 0.093750 0.138889
0 0.459896 0.115741 0.028125 0.042593
0 0.496354 0.088889 0.021875 0.040741
0 0.532292 0.101852 0.025000 0.037037
