0 0.330208 0.225000 0.050000 0.075926
0 0.189062 0.791667 0.159375 0.261111
0 0.700000 0.140741 0.037500 0.051852
0 0.488021 0.187963 0.042708 0.075926
0 0.586458 0.148148 0.033333 0.055556
0 0.477604 0.437963 0.078125 0.135185
0 0.671875 0.200926 0.043750 0.075926
0 0.594792 0.187037 0.039583 0.066667
0 0.504687 0.256481 0.046875 0.094444
0 0.751563 0.310185 0.071875 0.105556
0 0.785937 0.416667 0.103125 0.162963
0 0.482292 0.121296 0.029167 0.038889
0 0.442708 0.112963 0.025000 0.040741
0 0.520312 0.094444 0.023958 0.037037
