0 0.644792 0.141667 0.037500 0.068519
0 0.590625 0.159259 0.039583 0.070370
0 0.716667 0.162963 0.041667 0.062963
0 0.603646 0.224074 0.046875 0.081481
0 0.688542 0.217593 0.050000 0.075926
0 0.723437 0.320370 0.073958 0.125926
0 0.846354 0.334259 0.086458 0.112963
0 0.699479 0.508333 0.101042 0.157407
0 0.326562 0.236111 0.044792 0.072222
0 0.477604 0.441667 0.078125 0.153704
0 0.430208 0.211111 0.047917 0.074074
0 0.501042 0.212037 0.045833 0.079630
0 0.509375 0.153704 0.033333 0.055556
0 0.475000 0.094444 0.031250 0.044444
0 0.520312 0.087037 0.023958 0.048148
