0 0.330729 0.225000 0.051042 0.072222
0 0.262500 0.628704 0.133333 0.201852
0 0.389583 0.840741 0.170833 0.255556
0 0.710417 0.152778 0.041667 0.053704
0 0.484896 0.168519 0.042708 0.070370
0 0.590625 0.157407 0.037500 0.055556
0 0.488021 0.346296 0.061458 0.118519
0 0.679167 0.214815 0.054167 0.081481
0 0.601042 0.198148 0.047917 0.070370
0 0.510417 0.219444 0.043750 0.087037
0 0.764583 0.331481 0.072917 0.111111
0 0.806250 0.459259 0.116667 0.177778
0 0.485938 0.112037 0.028125 0.038889
0 0.448958 0.100000 0.018750 0.033333
0 0.522396 0.087963 0.021875 0.038889
