0 0.638021 0.125926 0.036458 0.055556
0 0.586979 0.131481 0.038542 0.059259
0 0.705729 0.134259 0.038542 0.053704
0 0.597396 0.183333 0.038542 0.074074
0 0.673958 0.178704 0.041667 0.068519
0 0.697917 0.249074 0.060417 0.101852
0 0.805208 0.278704 0.075000 0.101852
0 0.667708 0.388889 0.081250 0.125926
0 0.983333 0.550926 0.033333 0.124074
0 0.328125 0.244444 0.045833 0.070370
0 0.451042 0.719444 0.112500 0.261111
0 0.409896 0.244444 0.055208 0.081481
0 0.494271 0.260185 0.055208 0.105556
0 0.503125 0.175000 0.039583 0.064815
0 0.469792 0.102778 0.031250 0.046296
0 0.517708 0.093519 0.029167 0.050000
