0 0.638021 0.123148 0.028125 0.050000
0 0.661979 0.163889 0.038542 0.057407
0 0.595313 0.162963 0.038542 0.059259
0 0.728646 0.167593 0.042708 0.061111
0 0.682292 0.239815 0.054167 0.087037
0 0.625521 0.300000 0.067708 0.114815
0 0.797396 0.308333 0.073958 0.105556
0 0.666146 0.511111 0.098958 0.162963
0 0.822396 0.512037 0.113542 0.172222
0 0.325000 0.225926 0.050000 0.070370
0 0.281771 0.408333 0.088542 0.116667
0 0.081250 0.882407 0.160417 0.235185
0 0.489583 0.318519 0.062500 0.103704
0 0.411458 0.162037 0.041667 0.057407
0 0.515625 0.179630 0.035417 0.062963
0 0.461458 0.134259 0.031250 0.050000
0 0.518229 0.115741 0.032292 0.050000
