0 0.630208 0.618519 0.112500 0.233333
0 0.526563 0.351852 0.059375 0.107407
0 0.618750 0.294444 0.052083 0.085185
0 0.693229 0.113889 0.026042 0.031481
0 0.706250 0.151852 0.039583 0.051852
0 0.658333 0.243519 0.052083 0.068519
0 0.585417 0.175926 0.035417 0.051852
0 0.651042 0.201852 0.041667 0.040741
0 0.779687 0.199074 0.044792 0.061111
0 0.858333 0.233333 0.054167 0.070370
0 0.849479 0.349074 0.086458 0.098148
0 0.588021 0.127778 0.028125 0.040741
0 0.619271 0.112037 0.023958 0.038889
0 0.542188 0.112037 0.023958 0.038889
