0 0.619792 0.084259 0.029167 0.057407
0 0.671875 0.080556 0.029167 0.046296
0 0.583854 0.106481 0.028125 0.046296
0 0.653125 0.106481 0.033333 0.042593
0 0.651563 0.141667 0.040625 0.061111
0 0.722917 0.168519 0.045833 0.070370
0 0.613542 0.194444 0.047917 0.070370
0 0.826562 0.296296 0.078125 0.107407
0 0.767188 0.401852 0.098958 0.129630
0 0.716146 0.605556 0.119792 0.214815
0 0.296354 0.329630 0.063542 0.103704
0 0.280208 0.545370 0.110417 0.179630
0 0.390625 0.873148 0.177083 0.253704
0 0.470833 0.375926 0.072917 0.125926
0 0.443750 0.160185 0.043750 0.064815
0 0.509896 0.171296 0.046875 0.083333
