0 0.330729 0.225926 0.048958 0.070370
0 0.155729 0.842593 0.190625 0.248148
0 0.696354 0.137963 0.038542 0.053704
0 0.489063 0.192593 0.044792 0.077778
0 0.585938 0.145370 0.032292 0.053704
0 0.472396 0.471296 0.082292 0.150000
0 0.669792 0.196296 0.043750 0.074074
0 0.594271 0.181481 0.040625 0.062963
0 0.501563 0.269444 0.051042 0.094444
0 0.748958 0.304630 0.070833 0.101852
0 0.780208 0.405556 0.097917 0.159259
0 0.481771 0.125926 0.030208 0.040741
0 0.442188 0.117593 0.026042 0.042593
0 0.521354 0.097222 0.023958 0.035185
