0 0.631250 0.134259 0.037500 0.057407
0 0.732812 0.205556 0.051042 0.074074
0 0.805729 0.466667 0.107292 0.144444
0 0.938542 0.821296 0.122917 0.250000
0 0.125521 0.934259 0.190625 0.131481
0 0.068229 0.781481 0.134375 0.262963
0 0.342708 0.459259 0.091667 0.144444
0 0.417708 0.312963 0.060417 0.100000
0 0.514062 0.277778 0.051042 0.096296
0 0.431771 0.219444 0.044792 0.068519
0 0.510938 0.160185 0.034375 0.053704
0 0.472396 0.135185 0.030208 0.048148
0 0.440625 0.115741 0.025000 0.050000
0 0.459375 0.089815 0.022917 0.038889
