0 0.332813 0.227778 0.048958 0.070370
0 0.675521 0.111111 0.030208 0.044444
0 0.493750 0.251852 0.056250 0.107407
0 0.581250 0.118519 0.029167 0.048148
0 0.656771 0.165741 0.040625 0.068519
0 0.586979 0.148148 0.034375 0.055556
0 0.477604 0.441667 0.080208 0.157407
0 0.725521 0.252778 0.061458 0.075926
0 0.740625 0.321296 0.081250 0.120370
0 0.470833 0.159259 0.037500 0.055556
0 0.427604 0.148148 0.032292 0.048148
0 0.519792 0.116667 0.025000 0.040741
0 0.832292 0.532407 0.120833 0.175926
0 0.462500 0.097222 0.022917 0.035185
0 0.500000 0.077778 0.020833 0.033333
0 0.532813 0.083333 0.021875 0.029630
