0 0.633854 0.117593 0.036458 0.053704
0 0.682292 0.129630 0.029167 0.048148
0 0.660937 0.171296 0.044792 0.064815
0 0.700000 0.235185 0.058333 0.085185
0 0.626563 0.296296 0.061458 0.096296
0 0.806250 0.291667 0.070833 0.105556
0 0.793229 0.469444 0.113542 0.179630
0 0.744792 0.802778 0.183333 0.305556
0 0.971354 0.775000 0.057292 0.183333
0 0.325521 0.226852 0.048958 0.064815
0 0.333333 0.527778 0.110417 0.170370
0 0.384896 0.225926 0.048958 0.077778
0 0.380208 0.320370 0.077083 0.111111
0 0.512500 0.142593 0.035417 0.059259
0 0.435937 0.113889 0.028125 0.046296
