0 0.636458 0.765741 0.156250 0.338889
0 0.682813 0.057407 0.021875 0.033333
0 0.638021 0.327778 0.082292 0.137037
0 0.800521 0.542593 0.119792 0.203704
0 0.654167 0.065741 0.025000 0.038889
0 0.518750 0.105556 0.029167 0.051852
0 0.580208 0.146296 0.037500 0.055556
0 0.752083 0.134259 0.041667 0.057407
0 0.813542 0.133333 0.047917 0.055556
0 0.578646 0.092593 0.030208 0.048148
0 0.854167 0.232407 0.066667 0.083333
0 0.556771 0.075926 0.023958 0.044444
0 0.611979 0.074074 0.023958 0.040741
0 0.952083 0.449074 0.095833 0.138889
0 0.973958 0.302778 0.052083 0.094444
