0 0.643750 0.129630 0.033333 0.051852
0 0.583854 0.113889 0.028125 0.050000
0 0.696875 0.121296 0.035417 0.050000
0 0.657813 0.172222 0.040625 0.074074
0 0.601562 0.209259 0.051042 0.077778
0 0.742708 0.206481 0.052083 0.072222
0 0.617708 0.307407 0.060417 0.103704
0 0.730729 0.307407 0.065625 0.107407
0 0.810937 0.500926 0.121875 0.183333
0 0.938542 0.449074 0.122917 0.161111
0 0.807813 0.887037 0.188542 0.225926
0 0.325000 0.225000 0.052083 0.072222
0 0.145313 0.627778 0.146875 0.196296
0 0.428125 0.691667 0.125000 0.242593
0 0.370833 0.181481 0.066667 0.055556
0 0.503646 0.264815 0.048958 0.092593
0 0.452604 0.165741 0.038542 0.057407
0 0.512500 0.150926 0.037500 0.068519
0 0.514583 0.112037 0.029167 0.042593
