0 0.630729 0.116667 0.034375 0.055556
0 0.681771 0.127778 0.036458 0.051852
0 0.658854 0.173148 0.038542 0.057407
0 0.691667 0.230556 0.052083 0.087037
0 0.619792 0.272222 0.056250 0.092593
0 0.791146 0.275000 0.063542 0.098148
0 0.767708 0.423148 0.102083 0.161111
0 0.710417 0.677778 0.154167 0.255556
0 0.937500 0.684259 0.077083 0.227778
0 0.323958 0.229630 0.052083 0.074074
0 0.301042 0.619444 0.133333 0.209259
0 0.378125 0.250926 0.052083 0.079630
0 0.359375 0.359259 0.081250 0.114815
0 0.510938 0.158333 0.038542 0.057407
0 0.431771 0.123148 0.028125 0.046296
0 0.524479 0.112037 0.026042 0.042593
0 0.471354 0.094444 0.026042 0.040741
