0 0.337500 0.227778 0.050000 0.070370
0 0.490104 0.403704 0.086458 0.166667
0 0.646875 0.138889 0.033333 0.051852
0 0.580208 0.115741 0.031250 0.053704
0 0.702083 0.198148 0.047917 0.066667
0 0.704688 0.250000 0.061458 0.096296
0 0.442708 0.236111 0.050000 0.072222
0 0.395313 0.218519 0.042708 0.070370
0 0.518750 0.151852 0.031250 0.055556
0 0.772917 0.339815 0.072917 0.120370
0 0.458333 0.137963 0.031250 0.046296
0 0.495312 0.094444 0.021875 0.040741
0 0.531771 0.114815 0.028125 0.040741
0 0.910417 0.740741 0.135417 0.255556
