0 0.608854 0.086111 0.021875 0.038889
0 0.622917 0.132407 0.029167 0.038889
0 0.342708 0.216667 0.060417 0.070370
0 0.440625 0.203704 0.043750 0.074074
0 0.506250 0.181481 0.039583 0.070370
0 0.616146 0.167593 0.038542 0.061111
0 0.718229 0.284259 0.065625 0.094444
0 0.496354 0.100926 0.028125 0.050000
0 0.635938 0.321296 0.071875 0.120370
0 0.520312 0.128704 0.026042 0.042593
0 0.792188 0.443519 0.103125 0.150000
0 0.664583 0.467593 0.095833 0.164815
0 0.528125 0.089815 0.022917 0.035185
0 0.921354 0.781481 0.115625 0.281481
