0 0.447396 0.625926 0.134375 0.251852
0 0.665625 0.373148 0.075000 0.142593
0 0.533333 0.312037 0.070833 0.120370
0 0.468229 0.212037 0.053125 0.083333
0 0.642708 0.219444 0.058333 0.120370
0 0.570312 0.179630 0.048958 0.088889
0 0.639062 0.083333 0.032292 0.055556
0 0.595313 0.076852 0.028125 0.046296
0 0.795312 0.250926 0.067708 0.098148
0 0.851042 0.218519 0.064583 0.092593
0 0.895833 0.159259 0.060417 0.074074
0 0.816146 0.114815 0.051042 0.066667
0 0.911458 0.084259 0.079167 0.057407
0 0.581771 0.133333 0.038542 0.062963
