0 0.581250 0.102778 0.029167 0.053704
0 0.686458 0.112037 0.031250 0.057407
0 0.651042 0.160185 0.039583 0.075926
0 0.597396 0.187963 0.046875 0.079630
0 0.731250 0.186111 0.045833 0.068519
0 0.611979 0.267593 0.055208 0.094444
0 0.710938 0.265741 0.059375 0.087037
0 0.767188 0.411111 0.098958 0.151852
0 0.896354 0.400926 0.103125 0.138889
0 0.755729 0.714815 0.148958 0.237037
0 0.323437 0.225000 0.051042 0.075926
0 0.084896 0.732407 0.167708 0.227778
0 0.356771 0.182407 0.067708 0.050000
0 0.496354 0.312963 0.057292 0.107407
0 0.444271 0.179630 0.042708 0.070370
0 0.508333 0.173148 0.039583 0.064815
0 0.512500 0.126852 0.029167 0.046296
