0 0.630208 0.104630 0.027083 0.042593
0 0.647917 0.138889 0.033333 0.051852
0 0.586458 0.124074 0.029167 0.051852
0 0.701042 0.134259 0.035417 0.053704
0 0.663021 0.187963 0.044792 0.075926
0 0.604167 0.225926 0.056250 0.085185
0 0.751042 0.226852 0.056250 0.083333
0 0.623437 0.340741 0.067708 0.111111
0 0.747396 0.341667 0.073958 0.116667
0 0.847917 0.578704 0.139583 0.212963
0 0.950521 0.503704 0.098958 0.177778
0 0.325521 0.225926 0.051042 0.074074
0 0.183854 0.564815 0.128125 0.174074
0 0.452604 0.552778 0.094792 0.183333
0 0.381250 0.178704 0.060417 0.061111
0 0.507292 0.239815 0.045833 0.083333
0 0.455729 0.159259 0.034375 0.059259
0 0.514583 0.143519 0.035417 0.061111
0 0.517188 0.107407 0.028125 0.040741
