0 0.341146 0.252778 0.044792 0.075926
0 0.627083 0.103704 0.025000 0.048148
0 0.672396 0.112963 0.023958 0.044444
0 0.646875 0.142593 0.035417 0.062963
0 0.480729 0.374074 0.067708 0.129630
0 0.702083 0.149074 0.037500 0.053704
0 0.336458 0.500000 0.091667 0.151852
0 0.458854 0.183333 0.038542 0.066667
0 0.516146 0.265741 0.055208 0.075926
0 0.684375 0.236111 0.050000 0.079630
0 0.764583 0.235185 0.058333 0.070370
0 0.513021 0.180556 0.038542 0.064815
0 0.445312 0.152778 0.030208 0.046296
0 0.483333 0.118519 0.025000 0.040741
0 0.820833 0.482407 0.106250 0.150000
