0 0.332292 0.232407 0.045833 0.068519
0 0.665625 0.100926 0.022917 0.042593
0 0.495312 0.322222 0.073958 0.133333
0 0.581771 0.108333 0.026042 0.042593
0 0.652083 0.156481 0.037500 0.064815
0 0.583854 0.137037 0.032292 0.048148
0 0.429688 0.809259 0.128125 0.300000
0 0.711979 0.227778 0.053125 0.070370
0 0.719792 0.288889 0.070833 0.107407
0 0.460417 0.198148 0.041667 0.062963
0 0.416667 0.188889 0.037500 0.055556
0 0.521354 0.141667 0.032292 0.046296
0 0.790625 0.421296 0.087500 0.138889
0 0.460938 0.124074 0.028125 0.044444
0 0.498958 0.094444 0.020833 0.033333
0 0.534375 0.104630 0.025000 0.035185
