0 0.640104 0.129630 0.038542 0.059259
0 0.586979 0.136111 0.040625 0.064815
0 0.707812 0.140741 0.036458 0.055556
0 0.599479 0.191667 0.042708 0.075926
0 0.677083 0.184259 0.043750 0.064815
0 0.701562 0.257407 0.061458 0.103704
0 0.811979 0.287963 0.073958 0.105556
0 0.673438 0.405556 0.086458 0.129630
0 0.328125 0.239815 0.045833 0.068519
0 0.459375 0.641667 0.102083 0.227778
0 0.414583 0.238889 0.054167 0.081481
0 0.495312 0.249074 0.053125 0.098148
0 0.504167 0.168519 0.039583 0.059259
0 0.472917 0.101852 0.031250 0.048148
0 0.518229 0.089815 0.028125 0.050000
