0 0.335417 0.235185 0.045833 0.074074
0 0.422396 0.825926 0.165625 0.322222
0 0.636979 0.128704 0.034375 0.053704
0 0.576562 0.096296 0.023958 0.037037
0 0.689063 0.161111 0.038542 0.055556
0 0.677604 0.205556 0.053125 0.085185
0 0.384375 0.395370 0.077083 0.112963
0 0.308854 0.364815 0.071875 0.100000
0 0.508854 0.204630 0.040625 0.064815
0 0.747396 0.250000 0.055208 0.081481
0 0.441667 0.198148 0.039583 0.066667
0 0.482292 0.123148 0.027083 0.050000
0 0.528125 0.154630 0.033333 0.053704
0 0.779687 0.443519 0.096875 0.142593
