0 0.639062 0.121296 0.028125 0.050000
0 0.664062 0.163889 0.042708 0.061111
0 0.595313 0.163889 0.038542 0.061111
0 0.732292 0.171296 0.043750 0.061111
0 0.685417 0.244444 0.056250 0.096296
0 0.627604 0.312963 0.071875 0.125926
0 0.807292 0.321296 0.079167 0.109259
0 0.671354 0.548148 0.111458 0.181481
0 0.839063 0.545370 0.119792 0.168519
0 0.325521 0.223148 0.051042 0.072222
0 0.293229 0.387963 0.082292 0.116667
0 0.098437 0.847222 0.194792 0.272222
0 0.494792 0.294444 0.058333 0.096296
0 0.413542 0.157407 0.039583 0.055556
0 0.517188 0.171296 0.034375 0.064815
0 0.461458 0.125926 0.031250 0.051852
0 0.517708 0.110185 0.033333 0.050000
