0 0.335938 0.231481 0.048958 0.070370
0 0.444792 0.706481 0.150000 0.316667
0 0.639583 0.128704 0.029167 0.050000
0 0.576562 0.099074 0.023958 0.038889
0 0.691146 0.165741 0.034375 0.061111
0 0.682292 0.214815 0.052083 0.085185
0 0.400521 0.349074 0.065625 0.094444
0 0.334375 0.325000 0.068750 0.094444
0 0.511458 0.192593 0.037500 0.059259
0 0.752604 0.262963 0.057292 0.088889
0 0.446875 0.183333 0.039583 0.055556
0 0.484896 0.114815 0.028125 0.044444
0 0.529687 0.142593 0.032292 0.048148
0 0.800000 0.483333 0.106250 0.155556
