0 0.334375 0.226852 0.047917 0.064815
0 0.677604 0.114815 0.030208 0.044444
0 0.495312 0.238889 0.055208 0.100000
0 0.581771 0.125926 0.028125 0.048148
0 0.658854 0.169444 0.040625 0.068519
0 0.589063 0.153704 0.036458 0.062963
0 0.480729 0.412037 0.073958 0.142593
0 0.728646 0.258333 0.061458 0.072222
0 0.743750 0.331481 0.081250 0.125926
0 0.472396 0.155556 0.034375 0.048148
0 0.430208 0.144444 0.031250 0.048148
0 0.519792 0.113889 0.025000 0.038889
0 0.842187 0.555556 0.128125 0.181481
0 0.463542 0.096296 0.025000 0.037037
0 0.499479 0.075000 0.019792 0.035185
0 0.532813 0.082407 0.021875 0.031481
