0 0.633854 0.119444 0.036458 0.057407
0 0.681771 0.134259 0.032292 0.057407
0 0.663542 0.176852 0.043750 0.057407
0 0.703125 0.242593 0.058333 0.085185
0 0.628646 0.308333 0.059375 0.098148
0 0.811979 0.304630 0.071875 0.109259
0 0.808854 0.499074 0.121875 0.183333
0 0.763542 0.852778 0.206250 0.261111
0 0.323958 0.224074 0.052083 0.066667
0 0.346875 0.489815 0.102083 0.153704
0 0.389583 0.223148 0.050000 0.072222
0 0.392188 0.302778 0.073958 0.101852
0 0.514583 0.135185 0.033333 0.055556
0 0.439063 0.112037 0.028125 0.046296
