0 0.624479 0.105556 0.028125 0.048148
0 0.684375 0.104630 0.031250 0.050000
0 0.585938 0.133333 0.032292 0.059259
0 0.657813 0.130556 0.030208 0.053704
0 0.661979 0.176852 0.044792 0.072222
0 0.743750 0.206481 0.054167 0.072222
0 0.626563 0.247222 0.055208 0.083333
0 0.881771 0.369444 0.096875 0.131481
0 0.847917 0.582407 0.143750 0.194444
0 0.310417 0.287963 0.058333 0.087037
0 0.342187 0.387963 0.078125 0.116667
0 0.455208 0.520370 0.104167 0.203704
0 0.486979 0.278704 0.053125 0.098148
0 0.454688 0.142593 0.038542 0.055556
0 0.515104 0.143519 0.038542 0.064815
