0 0.390104 0.794444 0.173958 0.322222
0 0.672396 0.467593 0.090625 0.175926
0 0.519792 0.370370 0.081250 0.133333
0 0.467187 0.214815 0.053125 0.081481
0 0.645833 0.258333 0.064583 0.138889
0 0.566146 0.203704 0.053125 0.096296
0 0.641146 0.099074 0.034375 0.057407
0 0.595833 0.082407 0.027083 0.046296
0 0.773438 0.209259 0.057292 0.085185
0 0.830729 0.187037 0.057292 0.081481
0 0.879167 0.142593 0.054167 0.074074
0 0.807292 0.103704 0.045833 0.062963
0 0.940104 0.082407 0.086458 0.057407
0 0.579688 0.146296 0.042708 0.066667
0 0.925521 0.607407 0.148958 0.222222
