0 0.470833 0.217593 0.052083 0.079630
0 0.690104 0.837037 0.186458 0.325926
0 0.462500 0.517593 0.120833 0.220370
0 0.650521 0.212037 0.053125 0.090741
0 0.596354 0.115741 0.032292 0.057407
0 0.717708 0.083333 0.033333 0.051852
0 0.766146 0.087037 0.034375 0.059259
0 0.814583 0.071296 0.035417 0.057407
0 0.538542 0.303704 0.070833 0.118519
0 0.758333 0.204630 0.060417 0.083333
0 0.648438 0.098148 0.034375 0.055556
0 0.937500 0.300000 0.089583 0.114815
0 0.920312 0.512037 0.126042 0.187037
0 0.560937 0.098148 0.032292 0.062963
