0 0.644271 0.134259 0.030208 0.050000
0 0.672396 0.177778 0.046875 0.059259
0 0.601042 0.188889 0.041667 0.070370
0 0.747917 0.195370 0.050000 0.072222
0 0.706771 0.283333 0.065625 0.114815
0 0.645833 0.385185 0.089583 0.151852
0 0.844792 0.397222 0.095833 0.135185
0 0.722917 0.762037 0.152083 0.235185
0 0.911458 0.750926 0.139583 0.246296
0 0.325521 0.224074 0.051042 0.066667
0 0.328125 0.325000 0.068750 0.098148
0 0.222917 0.593519 0.137500 0.194444
0 0.503125 0.228704 0.045833 0.075926
0 0.421354 0.143519 0.034375 0.046296
0 0.518750 0.142593 0.033333 0.051852
0 0.466146 0.111111 0.026042 0.044444
0 0.518229 0.090741 0.026042 0.040741
