0 0.632292 0.117593 0.035417 0.053704
0 0.681771 0.128704 0.032292 0.050000
0 0.659375 0.171296 0.041667 0.061111
0 0.696354 0.232407 0.055208 0.087037
0 0.623437 0.282407 0.059375 0.094444
0 0.798438 0.282407 0.067708 0.101852
0 0.780208 0.445370 0.108333 0.172222
0 0.726562 0.740741 0.167708 0.288889
0 0.951562 0.729630 0.061458 0.211111
0 0.325000 0.226852 0.050000 0.068519
0 0.318229 0.572222 0.121875 0.188889
0 0.382292 0.237963 0.050000 0.079630
0 0.369792 0.337963 0.079167 0.112963
0 0.511458 0.149074 0.037500 0.057407
0 0.433854 0.117593 0.028125 0.046296
