0 0.335938 0.243519 0.040625 0.072222
0 0.628646 0.114815 0.026042 0.044444
0 0.678125 0.132407 0.029167 0.050000
0 0.656250 0.162963 0.039583 0.062963
0 0.494271 0.298148 0.053125 0.100000
0 0.717187 0.180556 0.042708 0.068519
0 0.392188 0.341667 0.061458 0.098148
0 0.466146 0.162037 0.030208 0.053704
0 0.524479 0.220370 0.042708 0.062963
0 0.705729 0.289815 0.059375 0.098148
0 0.815104 0.305556 0.071875 0.085185
0 0.517188 0.154630 0.028125 0.046296
0 0.453125 0.134259 0.025000 0.046296
0 0.488542 0.112963 0.025000 0.040741
0 0.926042 0.760185 0.108333 0.231481
