0 0.676042 0.051852 0.018750 0.033333
0 0.672917 0.412963 0.108333 0.177778
0 0.918750 0.817593 0.131250 0.246296
0 0.647396 0.057407 0.023958 0.033333
0 0.516146 0.113889 0.030208 0.053704
0 0.583333 0.169444 0.039583 0.068519
0 0.737500 0.116667 0.033333 0.044444
0 0.790625 0.114815 0.041667 0.051852
0 0.580208 0.103704 0.027083 0.044444
0 0.822396 0.200000 0.057292 0.070370
0 0.559375 0.085185 0.025000 0.044444
0 0.618229 0.087963 0.028125 0.042593
0 0.880208 0.350926 0.091667 0.109259
0 0.935937 0.256481 0.078125 0.087037
