0 0.645833 0.830556 0.156250 0.294444
0 0.680729 0.050926 0.021875 0.031481
0 0.647917 0.350000 0.089583 0.148148
0 0.838021 0.623148 0.136458 0.238889
0 0.651042 0.061111 0.025000 0.037037
0 0.517188 0.104630 0.028125 0.050000
0 0.581250 0.150926 0.037500 0.057407
0 0.746354 0.125000 0.040625 0.053704
0 0.804688 0.124074 0.044792 0.055556
0 0.577604 0.092593 0.030208 0.048148
0 0.843229 0.218519 0.061458 0.077778
0 0.556771 0.075000 0.023958 0.042593
0 0.612500 0.074074 0.025000 0.040741
0 0.930208 0.411111 0.102083 0.129630
0 0.965104 0.282407 0.069792 0.094444
