0 0.470313 0.218519 0.053125 0.077778
0 0.690104 0.883333 0.184375 0.233333
0 0.445312 0.564815 0.130208 0.248148
0 0.651563 0.227778 0.053125 0.092593
0 0.595313 0.119444 0.032292 0.057407
0 0.716667 0.080556 0.031250 0.050000
0 0.764062 0.081481 0.034375 0.051852
0 0.809896 0.070370 0.034375 0.055556
0 0.532292 0.324074 0.075000 0.129630
0 0.754687 0.192593 0.057292 0.077778
0 0.648438 0.102778 0.034375 0.053704
0 0.922917 0.282407 0.083333 0.109259
0 0.900000 0.474074 0.116667 0.166667
0 0.561979 0.098148 0.032292 0.059259
