0 0.689063 0.768519 0.144792 0.292593
0 0.745313 0.038889 0.026042 0.037037
0 0.768229 0.052778 0.026042 0.038889
0 0.641146 0.254630 0.059375 0.094444
0 0.794271 0.039815 0.030208 0.038889
0 0.700000 0.040741 0.027083 0.040741
0 0.531250 0.115741 0.033333 0.057407
0 0.748437 0.287963 0.073958 0.120370
0 0.539062 0.262037 0.053125 0.094444
0 0.581250 0.097222 0.029167 0.053704
0 0.858333 0.151852 0.060417 0.077778
0 0.663021 0.096296 0.042708 0.062963
0 0.560417 0.045370 0.025000 0.042593
0 0.973437 0.295370 0.053125 0.112963
