0 0.655208 0.882407 0.137500 0.190741
0 0.678125 0.050926 0.022917 0.031481
0 0.658854 0.378704 0.103125 0.168519
0 0.879167 0.723148 0.158333 0.279630
0 0.648438 0.057407 0.026042 0.029630
0 0.515104 0.108333 0.028125 0.053704
0 0.581771 0.159259 0.038542 0.059259
0 0.743229 0.120370 0.036458 0.048148
0 0.797917 0.118519 0.043750 0.059259
0 0.578646 0.097222 0.030208 0.042593
0 0.833333 0.205556 0.058333 0.070370
0 0.558333 0.079630 0.025000 0.040741
0 0.613021 0.078704 0.026042 0.038889
0 0.900000 0.380556 0.104167 0.120370
0 0.956771 0.269444 0.086458 0.094444
