0 0.336979 0.231481 0.048958 0.066667
0 0.658854 0.086111 0.019792 0.042593
0 0.492188 0.384259 0.084375 0.161111
0 0.583854 0.095370 0.028125 0.038889
0 0.647917 0.142593 0.035417 0.055556
0 0.581250 0.122222 0.033333 0.051852
0 0.703646 0.202778 0.048958 0.068519
0 0.707292 0.254630 0.062500 0.094444
0 0.447917 0.229630 0.047917 0.070370
0 0.400000 0.209259 0.041667 0.062963
0 0.518229 0.150926 0.030208 0.053704
0 0.776042 0.352778 0.077083 0.120370
0 0.458854 0.133333 0.028125 0.044444
0 0.496354 0.094444 0.021875 0.040741
0 0.532813 0.112037 0.028125 0.038889
0 0.919792 0.799074 0.116667 0.268519
