0 0.333333 0.228704 0.050000 0.072222
0 0.672917 0.108333 0.029167 0.046296
0 0.493229 0.261111 0.057292 0.111111
0 0.581771 0.115741 0.030208 0.046296
0 0.656250 0.161111 0.039583 0.066667
0 0.584896 0.145370 0.034375 0.057407
0 0.473438 0.479630 0.086458 0.174074
0 0.721875 0.245370 0.060417 0.075926
0 0.736458 0.312037 0.079167 0.120370
0 0.468750 0.165741 0.037500 0.057407
0 0.426563 0.152778 0.034375 0.050000
0 0.519271 0.118519 0.026042 0.044444
0 0.823958 0.509259 0.114583 0.162963
0 0.461458 0.100926 0.025000 0.035185
0 0.498958 0.078704 0.020833 0.031481
0 0.532813 0.087037 0.021875 0.033333
