0 0.367188 0.846296 0.192708 0.307407
0 0.675521 0.511111 0.096875 0.192593
0 0.514583 0.392593 0.083333 0.137037
0 0.468229 0.216667 0.053125 0.081481
0 0.646875 0.274074 0.066667 0.148148
0 0.563021 0.214815 0.055208 0.100000
0 0.641146 0.104630 0.034375 0.057407
0 0.596875 0.085185 0.027083 0.048148
0 0.767188 0.199074 0.055208 0.079630
0 0.823958 0.177778 0.054167 0.077778
0 0.875000 0.140741 0.052083 0.074074
0 0.803125 0.101852 0.043750 0.059259
0 0.952604 0.080556 0.094792 0.053704
0 0.578646 0.152778 0.042708 0.068519
0 0.907292 0.553704 0.145833 0.203704
