0 0.336979 0.233333 0.048958 0.066667
0 0.662500 0.090741 0.020833 0.040741
0 0.493750 0.367593 0.081250 0.157407
0 0.584375 0.100000 0.029167 0.040741
0 0.649479 0.146296 0.038542 0.059259
0 0.582812 0.126852 0.034375 0.050000
0 0.705208 0.207407 0.050000 0.070370
0 0.710938 0.262037 0.063542 0.094444
0 0.452604 0.224074 0.044792 0.070370
0 0.404687 0.202778 0.040625 0.057407
0 0.519271 0.148148 0.030208 0.048148
0 0.779167 0.367593 0.081250 0.120370
0 0.459375 0.130556 0.027083 0.042593
0 0.499479 0.094444 0.023958 0.040741
0 0.533333 0.109259 0.027083 0.037037
0 0.931250 0.855556 0.097917 0.255556
