0 0.337500 0.247222 0.041667 0.072222
0 0.628646 0.113889 0.026042 0.042593
0 0.677604 0.132407 0.030208 0.046296
0 0.655208 0.162037 0.039583 0.064815
0 0.493229 0.310185 0.055208 0.101852
0 0.714583 0.178704 0.041667 0.064815
0 0.384896 0.363889 0.067708 0.109259
0 0.465104 0.165741 0.032292 0.057407
0 0.521875 0.229630 0.045833 0.062963
0 0.702604 0.282407 0.057292 0.094444
0 0.805208 0.295370 0.070833 0.090741
0 0.516667 0.161111 0.029167 0.048148
0 0.451562 0.137963 0.026042 0.046296
0 0.488021 0.114815 0.023958 0.037037
0 0.914062 0.700926 0.130208 0.212963
