0 0.470313 0.222222 0.055208 0.081481
0 0.398958 0.687963 0.160417 0.301852
0 0.652083 0.254630 0.058333 0.101852
0 0.594271 0.126852 0.034375 0.061111
0 0.713542 0.072222 0.029167 0.048148
0 0.759375 0.075000 0.033333 0.050000
0 0.803646 0.063889 0.034375 0.050000
0 0.519792 0.364815 0.081250 0.140741
0 0.747917 0.175000 0.054167 0.072222
0 0.648438 0.113889 0.036458 0.061111
0 0.896875 0.250000 0.075000 0.096296
0 0.866667 0.408333 0.102083 0.146296
0 0.563021 0.103704 0.034375 0.062963
0 0.617708 0.087037 0.035417 0.048148
