0 0.632292 0.115741 0.033333 0.061111
0 0.581250 0.112037 0.033333 0.053704
0 0.693750 0.114815 0.033333 0.051852
0 0.591146 0.156481 0.034375 0.064815
0 0.663021 0.152778 0.036458 0.061111
0 0.679167 0.207407 0.054167 0.085185
0 0.776042 0.238889 0.066667 0.092593
0 0.646875 0.308333 0.068750 0.105556
0 0.947396 0.459259 0.105208 0.137037
0 0.949479 0.878704 0.101042 0.209259
0 0.322917 0.261111 0.052083 0.085185
0 0.381771 0.295370 0.065625 0.098148
0 0.482292 0.338889 0.068750 0.129630
0 0.498437 0.213889 0.048958 0.075926
0 0.463021 0.119444 0.032292 0.053704
0 0.516146 0.112963 0.032292 0.055556
