0 0.334375 0.235185 0.047917 0.070370
0 0.664062 0.098148 0.019792 0.040741
0 0.494792 0.338889 0.075000 0.140741
0 0.582812 0.106481 0.026042 0.042593
0 0.652083 0.153704 0.037500 0.062963
0 0.584375 0.135185 0.033333 0.048148
0 0.415625 0.874074 0.145833 0.251852
0 0.710938 0.220370 0.053125 0.066667
0 0.716146 0.279630 0.067708 0.103704
0 0.458333 0.207407 0.041667 0.062963
0 0.413021 0.195370 0.038542 0.057407
0 0.520833 0.145370 0.031250 0.046296
0 0.787500 0.407407 0.085417 0.133333
0 0.460938 0.126852 0.028125 0.046296
0 0.500521 0.094444 0.021875 0.037037
0 0.534375 0.107407 0.025000 0.037037
