0 0.332813 0.225926 0.046875 0.066667
0 0.682813 0.116667 0.030208 0.044444
0 0.492188 0.223148 0.053125 0.094444
0 0.582812 0.128704 0.032292 0.053704
0 0.435417 0.757407 0.122917 0.277778
0 0.663542 0.173148 0.041667 0.068519
0 0.589583 0.156481 0.035417 0.061111
0 0.492188 0.361111 0.057292 0.122222
0 0.735417 0.266667 0.064583 0.088889
0 0.755208 0.347222 0.089583 0.135185
0 0.475521 0.143519 0.034375 0.050000
0 0.432812 0.132407 0.032292 0.046296
0 0.520833 0.109259 0.025000 0.040741
0 0.867708 0.621296 0.143750 0.220370
