0 0.493750 0.122222 0.039583 0.055556
0 0.624479 0.474074 0.096875 0.170370
0 0.683854 0.052778 0.021875 0.035185
0 0.716667 0.045370 0.025000 0.035185
0 0.592708 0.200000 0.045833 0.070370
0 0.720833 0.087037 0.033333 0.044444
0 0.565104 0.150926 0.032292 0.064815
0 0.673438 0.208333 0.048958 0.087037
0 0.713021 0.122222 0.034375 0.044444
0 0.777604 0.096296 0.036458 0.051852
0 0.745313 0.170370 0.048958 0.085185
0 0.833333 0.179630 0.064583 0.077778
0 0.573958 0.065741 0.029167 0.046296
0 0.919792 0.398148 0.106250 0.129630
