0 0.338542 0.251852 0.045833 0.070370
0 0.627604 0.108333 0.026042 0.042593
0 0.673958 0.121296 0.027083 0.050000
0 0.650000 0.150000 0.037500 0.062963
0 0.485938 0.346296 0.063542 0.107407
0 0.706771 0.160185 0.038542 0.057407
0 0.360938 0.433333 0.084375 0.125926
0 0.461458 0.174074 0.037500 0.066667
0 0.519792 0.250000 0.047917 0.070370
0 0.691146 0.255556 0.053125 0.085185
0 0.779687 0.257407 0.061458 0.085185
0 0.516146 0.171296 0.034375 0.057407
0 0.447396 0.148148 0.028125 0.048148
0 0.483854 0.116667 0.026042 0.037037
0 0.851562 0.552778 0.119792 0.164815
