0 0.518229 0.850926 0.138542 0.298148
0 0.660937 0.538889 0.098958 0.177778
0 0.672396 0.095370 0.028125 0.042593
0 0.773438 0.473148 0.094792 0.153704
0 0.598437 0.243519 0.042708 0.064815
0 0.683854 0.360185 0.071875 0.112963
0 0.725521 0.121296 0.028125 0.050000
0 0.775521 0.131481 0.028125 0.044444
0 0.739062 0.192593 0.046875 0.062963
0 0.595313 0.162037 0.032292 0.053704
0 0.639062 0.145370 0.030208 0.057407
0 0.540625 0.137037 0.027083 0.048148
0 0.615625 0.098148 0.022917 0.037037
0 0.979167 0.480556 0.041667 0.131481
