0 0.339583 0.251852 0.047917 0.070370
0 0.627604 0.105556 0.026042 0.040741
0 0.672917 0.115741 0.027083 0.046296
0 0.648438 0.146296 0.036458 0.062963
0 0.483854 0.359259 0.065625 0.111111
0 0.704167 0.152778 0.039583 0.057407
0 0.351042 0.463889 0.087500 0.135185
0 0.458854 0.175926 0.038542 0.070370
0 0.518229 0.255556 0.051042 0.074074
0 0.688021 0.245370 0.051042 0.079630
0 0.770833 0.244444 0.058333 0.081481
0 0.514583 0.176852 0.037500 0.061111
0 0.444792 0.149074 0.027083 0.046296
0 0.482812 0.117593 0.026042 0.038889
0 0.834896 0.514815 0.109375 0.159259
