0 0.646875 0.132407 0.033333 0.050000
0 0.585417 0.118519 0.029167 0.051852
0 0.698438 0.127778 0.036458 0.051852
0 0.660937 0.179630 0.042708 0.074074
0 0.603125 0.214815 0.054167 0.081481
0 0.745313 0.214815 0.053125 0.077778
0 0.621354 0.322222 0.063542 0.103704
0 0.738021 0.321296 0.067708 0.109259
0 0.827604 0.533333 0.128125 0.200000
0 0.944271 0.475926 0.111458 0.170370
0 0.822917 0.925000 0.183333 0.150000
0 0.325000 0.224074 0.050000 0.074074
0 0.165104 0.592593 0.140625 0.185185
0 0.441667 0.613889 0.106250 0.212963
0 0.375521 0.178704 0.063542 0.061111
0 0.505729 0.250000 0.048958 0.088889
0 0.453125 0.163889 0.035417 0.061111
0 0.513021 0.146296 0.036458 0.062963
0 0.516146 0.107407 0.028125 0.044444
