0 0.695312 0.752778 0.134375 0.301852
0 0.488542 0.509259 0.102083 0.181481
0 0.470313 0.220370 0.055208 0.077778
0 0.655208 0.355556 0.079167 0.181481
0 0.552083 0.262963 0.066667 0.118519
0 0.645312 0.126852 0.038542 0.064815
0 0.596875 0.096296 0.029167 0.048148
0 0.750000 0.163889 0.045833 0.072222
0 0.803125 0.149074 0.047917 0.072222
0 0.857292 0.122222 0.047917 0.066667
0 0.796875 0.089815 0.037500 0.053704
0 0.964583 0.084259 0.070833 0.061111
0 0.572917 0.185185 0.047917 0.077778
0 0.841667 0.401852 0.106250 0.151852
