0 0.626042 0.103704 0.029167 0.051852
0 0.675000 0.105556 0.029167 0.044444
0 0.648958 0.146296 0.035417 0.059259
0 0.679688 0.194444 0.048958 0.070370
0 0.606771 0.216667 0.044792 0.077778
0 0.761979 0.220370 0.055208 0.081481
0 0.724479 0.325926 0.076042 0.125926
0 0.663542 0.461111 0.104167 0.174074
0 0.885417 0.482407 0.116667 0.168519
0 0.325521 0.224074 0.051042 0.070370
0 0.180729 0.902778 0.188542 0.194444
0 0.350521 0.291667 0.061458 0.090741
0 0.287500 0.482407 0.112500 0.150000
0 0.508854 0.198148 0.040625 0.070370
0 0.425000 0.137963 0.031250 0.050000
0 0.521875 0.128704 0.029167 0.050000
0 0.467708 0.105556 0.027083 0.044444
