0 0.630208 0.115741 0.033333 0.057407
0 0.681771 0.125000 0.036458 0.050000
0 0.656771 0.165741 0.038542 0.061111
0 0.689583 0.223148 0.054167 0.083333
0 0.618229 0.262037 0.053125 0.087037
0 0.784375 0.262963 0.058333 0.088889
0 0.756250 0.406481 0.091667 0.150000
0 0.697396 0.622222 0.140625 0.225926
0 0.928646 0.636111 0.094792 0.216667
0 0.325521 0.232407 0.051042 0.075926
0 0.283333 0.675926 0.145833 0.233333
0 0.373437 0.259259 0.055208 0.085185
0 0.346354 0.382407 0.086458 0.124074
0 0.512500 0.169444 0.037500 0.061111
0 0.431771 0.126852 0.028125 0.042593
0 0.523958 0.118519 0.025000 0.048148
0 0.470313 0.098148 0.023958 0.040741
