0 0.341667 0.258333 0.047917 0.079630
0 0.641667 0.126852 0.033333 0.053704
0 0.461979 0.457407 0.084375 0.148148
0 0.693229 0.133333 0.032292 0.055556
0 0.265625 0.721296 0.147917 0.257407
0 0.452083 0.197222 0.041667 0.072222
0 0.512500 0.304630 0.058333 0.101852
0 0.672917 0.214815 0.043750 0.074074
0 0.742708 0.201852 0.050000 0.070370
0 0.506250 0.211111 0.043750 0.074074
0 0.440104 0.164815 0.030208 0.051852
0 0.480729 0.129630 0.028125 0.044444
0 0.769792 0.386111 0.081250 0.120370
0 0.457292 0.100000 0.025000 0.040741
0 0.494271 0.099074 0.023958 0.035185
0 0.895312 0.712963 0.159375 0.244444
