0 0.341667 0.261111 0.047917 0.081481
0 0.641146 0.123148 0.034375 0.053704
0 0.454688 0.481481 0.088542 0.151852
0 0.691667 0.131481 0.031250 0.051852
0 0.238021 0.796296 0.165625 0.270370
0 0.448437 0.202778 0.042708 0.072222
0 0.513542 0.313889 0.056250 0.109259
0 0.670312 0.209259 0.040625 0.070370
0 0.737500 0.194444 0.047917 0.070370
0 0.504167 0.217593 0.043750 0.075926
0 0.439583 0.163889 0.033333 0.053704
0 0.479167 0.128704 0.027083 0.046296
0 0.760938 0.367593 0.076042 0.116667
0 0.455729 0.100926 0.026042 0.038889
0 0.493750 0.099074 0.022917 0.035185
0 0.878646 0.659259 0.165625 0.229630
