0 0.335417 0.223148 0.047917 0.064815
0 0.476042 0.511111 0.106250 0.218519
0 0.641667 0.127778 0.033333 0.055556
0 0.579167 0.103704 0.029167 0.044444
0 0.696354 0.175926 0.042708 0.059259
0 0.692708 0.224074 0.060417 0.088889
0 0.425521 0.280556 0.059375 0.087037
0 0.370833 0.257407 0.050000 0.074074
0 0.514583 0.165741 0.035417 0.053704
0 0.760938 0.295370 0.065625 0.101852
0 0.453125 0.153704 0.035417 0.055556
0 0.490625 0.097222 0.027083 0.042593
0 0.530729 0.125000 0.030208 0.042593
0 0.851562 0.583333 0.136458 0.188889
