0 0.335938 0.224074 0.048958 0.070370
0 0.482812 0.450000 0.094792 0.192593
0 0.643229 0.135185 0.032292 0.055556
0 0.579688 0.108333 0.030208 0.050000
0 0.698438 0.187037 0.044792 0.066667
0 0.697917 0.234259 0.058333 0.090741
0 0.434896 0.256481 0.051042 0.075926
0 0.385417 0.237037 0.045833 0.074074
0 0.517188 0.157407 0.032292 0.051852
0 0.768229 0.315741 0.065625 0.105556
0 0.454688 0.143519 0.034375 0.050000
0 0.492188 0.097222 0.023958 0.042593
0 0.530729 0.120370 0.028125 0.044444
0 0.885938 0.654630 0.155208 0.209259
