0 0.631771 0.115741 0.034375 0.057407
0 0.581250 0.116667 0.033333 0.055556
0 0.695833 0.120370 0.035417 0.048148
0 0.593750 0.160185 0.033333 0.064815
0 0.663542 0.157407 0.037500 0.059259
0 0.682292 0.221296 0.056250 0.090741
0 0.780729 0.251852 0.065625 0.092593
0 0.648958 0.325000 0.072917 0.109259
0 0.954167 0.477778 0.091667 0.144444
0 0.323958 0.260185 0.052083 0.087037
0 0.387500 0.285185 0.062500 0.092593
0 0.484375 0.322222 0.064583 0.122222
0 0.500000 0.206481 0.045833 0.072222
0 0.463542 0.119444 0.033333 0.046296
0 0.515625 0.112037 0.033333 0.057407
