0 0.702083 0.820370 0.150000 0.288889
0 0.480208 0.544444 0.110417 0.200000
0 0.469792 0.219444 0.056250 0.075926
0 0.657292 0.378704 0.085417 0.194444
0 0.547396 0.275000 0.069792 0.120370
0 0.645833 0.133333 0.039583 0.066667
0 0.597917 0.096296 0.029167 0.048148
0 0.745833 0.153704 0.043750 0.070370
0 0.798958 0.140741 0.045833 0.070370
0 0.853125 0.118519 0.045833 0.066667
0 0.794792 0.085185 0.037500 0.051852
0 0.966667 0.082407 0.066667 0.061111
0 0.571875 0.190741 0.050000 0.077778
0 0.829688 0.375000 0.101042 0.142593
