0 0.331771 0.225926 0.048958 0.070370
0 0.241667 0.674074 0.139583 0.214815
0 0.707292 0.147222 0.039583 0.053704
0 0.485417 0.173148 0.041667 0.072222
0 0.589583 0.154630 0.035417 0.053704
0 0.483333 0.373148 0.068750 0.124074
0 0.677083 0.209259 0.052083 0.081481
0 0.598958 0.193519 0.045833 0.068519
0 0.508333 0.230556 0.045833 0.087037
0 0.761458 0.323148 0.072917 0.112963
0 0.799479 0.441667 0.111458 0.172222
0 0.484375 0.113889 0.027083 0.038889
0 0.446354 0.103704 0.019792 0.033333
0 0.521354 0.087963 0.019792 0.035185
