0 0.627604 0.112037 0.030208 0.061111
0 0.579688 0.107407 0.030208 0.055556
0 0.689063 0.110185 0.034375 0.046296
0 0.588021 0.146296 0.030208 0.051852
0 0.659896 0.146296 0.030208 0.051852
0 0.669271 0.195370 0.046875 0.075926
0 0.758854 0.225926 0.059375 0.081481
0 0.635417 0.281481 0.064583 0.096296
0 0.916667 0.415741 0.106250 0.135185
0 0.904167 0.724074 0.156250 0.225926
0 0.317708 0.276852 0.058333 0.087037
0 0.363542 0.339815 0.066667 0.101852
0 0.470833 0.416667 0.083333 0.159259
0 0.492188 0.246296 0.048958 0.081481
0 0.456771 0.130556 0.036458 0.057407
0 0.514062 0.130556 0.034375 0.064815
