0 0.494271 0.123148 0.038542 0.061111
0 0.617708 0.437963 0.089583 0.168519
0 0.686458 0.056481 0.022917 0.035185
0 0.718750 0.049074 0.025000 0.031481
0 0.592708 0.193519 0.045833 0.072222
0 0.725521 0.090741 0.032292 0.037037
0 0.564583 0.146296 0.035417 0.059259
0 0.667188 0.194444 0.046875 0.070370
0 0.719271 0.127778 0.036458 0.048148
0 0.782813 0.104630 0.036458 0.053704
0 0.752083 0.181481 0.052083 0.077778
0 0.845313 0.188889 0.065625 0.088889
0 0.575521 0.062037 0.026042 0.038889
0 0.947396 0.443519 0.105208 0.142593
