0 0.336979 0.278704 0.046875 0.079630
0 0.635417 0.110185 0.029167 0.050000
0 0.410417 0.707407 0.127083 0.251852
0 0.679167 0.113889 0.031250 0.046296
0 0.436979 0.240741 0.048958 0.088889
0 0.503125 0.404630 0.075000 0.131481
0 0.657813 0.179630 0.038542 0.062963
0 0.712500 0.162963 0.039583 0.055556
0 0.473438 0.295370 0.061458 0.094444
0 0.429167 0.198148 0.039583 0.066667
0 0.473958 0.143519 0.031250 0.046296
0 0.716667 0.280556 0.056250 0.079630
0 0.450000 0.114815 0.029167 0.040741
0 0.490104 0.111111 0.023958 0.044444
0 0.776563 0.435185 0.098958 0.137037
