0 0.461458 0.577778 0.127083 0.229630
0 0.663542 0.349074 0.070833 0.135185
0 0.535937 0.296296 0.067708 0.114815
0 0.468229 0.212037 0.053125 0.083333
0 0.641146 0.206481 0.057292 0.116667
0 0.571354 0.174074 0.048958 0.088889
0 0.638021 0.081481 0.030208 0.055556
0 0.594792 0.077778 0.029167 0.048148
0 0.803646 0.268519 0.071875 0.100000
0 0.859375 0.229630 0.068750 0.096296
0 0.901563 0.162963 0.061458 0.074074
0 0.819792 0.119444 0.052083 0.068519
0 0.903125 0.087963 0.072917 0.057407
0 0.582812 0.127778 0.038542 0.059259
