0 0.635938 0.120370 0.030208 0.051852
0 0.655208 0.155556 0.039583 0.055556
0 0.591667 0.144444 0.039583 0.059259
0 0.716146 0.154630 0.040625 0.057407
0 0.674479 0.215741 0.051042 0.083333
0 0.616667 0.268519 0.066667 0.103704
0 0.775000 0.273148 0.064583 0.090741
0 0.647396 0.424074 0.078125 0.129630
0 0.785417 0.431481 0.095833 0.137037
0 0.326042 0.229630 0.054167 0.070370
0 0.243229 0.469444 0.096875 0.127778
0 0.479687 0.394444 0.071875 0.125926
0 0.400521 0.169444 0.048958 0.057407
0 0.514583 0.205556 0.041667 0.070370
0 0.459375 0.144444 0.031250 0.051852
0 0.516667 0.128704 0.031250 0.053704
