0 0.640625 0.133333 0.039583 0.062963
0 0.584896 0.141667 0.042708 0.064815
0 0.709375 0.145370 0.037500 0.053704
0 0.600000 0.199074 0.041667 0.072222
0 0.678125 0.190741 0.045833 0.070370
0 0.705208 0.268519 0.064583 0.107407
0 0.819792 0.302778 0.075000 0.109259
0 0.680729 0.426852 0.088542 0.135185
0 0.328646 0.241667 0.046875 0.068519
0 0.463542 0.579630 0.095833 0.200000
0 0.418229 0.231481 0.051042 0.077778
0 0.495312 0.236111 0.053125 0.094444
0 0.506250 0.164815 0.035417 0.059259
0 0.473438 0.098148 0.030208 0.048148
0 0.518750 0.088889 0.027083 0.048148
