0 0.618750 0.080556 0.029167 0.053704
0 0.670312 0.075000 0.030208 0.046296
0 0.582812 0.099074 0.028125 0.046296
0 0.652083 0.100926 0.031250 0.050000
0 0.648958 0.137963 0.039583 0.061111
0 0.720313 0.163889 0.044792 0.068519
0 0.611458 0.186111 0.045833 0.068519
0 0.820312 0.283333 0.076042 0.103704
0 0.757812 0.381481 0.092708 0.125926
0 0.706250 0.563889 0.112500 0.190741
0 0.294792 0.338889 0.060417 0.107407
0 0.265104 0.587037 0.117708 0.188889
0 0.468750 0.401852 0.077083 0.133333
0 0.441146 0.162037 0.044792 0.064815
0 0.507812 0.176852 0.046875 0.087037
