0 0.334375 0.226852 0.047917 0.064815
0 0.680729 0.114815 0.030208 0.044444
0 0.494792 0.231481 0.054167 0.096296
0 0.582812 0.126852 0.030208 0.050000
0 0.423438 0.837037 0.138542 0.244444
0 0.660937 0.171296 0.040625 0.068519
0 0.589063 0.154630 0.036458 0.061111
0 0.486458 0.386111 0.064583 0.131481
0 0.732812 0.262963 0.063542 0.081481
0 0.749479 0.338889 0.084375 0.129630
0 0.474479 0.149074 0.034375 0.050000
0 0.431771 0.137963 0.032292 0.046296
0 0.519792 0.110185 0.025000 0.038889
0 0.853125 0.587037 0.135417 0.200000
0 0.463542 0.089815 0.025000 0.035185
0 0.498437 0.072222 0.019792 0.033333
0 0.533854 0.079630 0.021875 0.033333
