0 0.335417 0.278704 0.047917 0.087037
0 0.635938 0.116667 0.030208 0.051852
0 0.419792 0.657407 0.112500 0.244444
0 0.679167 0.117593 0.033333 0.050000
0 0.435937 0.233333 0.044792 0.088889
0 0.506250 0.389815 0.072917 0.127778
0 0.660417 0.184259 0.039583 0.064815
0 0.715625 0.167593 0.041667 0.057407
0 0.478125 0.281481 0.054167 0.092593
0 0.427083 0.192593 0.037500 0.062963
0 0.474479 0.143519 0.030208 0.050000
0 0.722396 0.288889 0.065625 0.085185
0 0.449479 0.113889 0.023958 0.042593
0 0.489583 0.106481 0.027083 0.035185
0 0.786458 0.464815 0.110417 0.151852
