0 0.332813 0.229630 0.048958 0.074074
0 0.671354 0.105556 0.028125 0.048148
0 0.493229 0.267593 0.059375 0.112963
0 0.580729 0.114815 0.030208 0.044444
0 0.655729 0.160185 0.038542 0.064815
0 0.585417 0.143519 0.035417 0.061111
0 0.467187 0.521296 0.090625 0.190741
0 0.719271 0.241667 0.059375 0.075926
0 0.731771 0.300926 0.076042 0.116667
0 0.467708 0.171296 0.037500 0.057407
0 0.424479 0.159259 0.034375 0.051852
0 0.518750 0.123148 0.027083 0.046296
0 0.815625 0.487037 0.108333 0.151852
0 0.460417 0.104630 0.027083 0.038889
0 0.497917 0.081481 0.020833 0.033333
0 0.532813 0.091667 0.021875 0.035185
