0 0.332292 0.228704 0.045833 0.064815
0 0.683854 0.122222 0.034375 0.044444
0 0.490104 0.217593 0.051042 0.094444
0 0.582292 0.131481 0.031250 0.051852
0 0.442188 0.676852 0.119792 0.231481
0 0.664062 0.176852 0.042708 0.064815
0 0.590625 0.166667 0.035417 0.066667
0 0.492708 0.344444 0.060417 0.118519
0 0.735938 0.274074 0.065625 0.081481
0 0.758854 0.362037 0.090625 0.138889
0 0.475521 0.143519 0.030208 0.046296
0 0.434375 0.128704 0.027083 0.046296
0 0.519271 0.107407 0.023958 0.040741
0 0.881250 0.660185 0.150000 0.224074
