0 0.634896 0.120370 0.028125 0.048148
0 0.657813 0.157407 0.038542 0.055556
0 0.592187 0.149074 0.036458 0.061111
0 0.720313 0.156481 0.042708 0.064815
0 0.676042 0.223148 0.050000 0.087037
0 0.619792 0.275926 0.066667 0.103704
0 0.781771 0.286111 0.067708 0.098148
0 0.653125 0.448148 0.083333 0.133333
0 0.794792 0.453704 0.100000 0.144444
0 0.325521 0.231481 0.051042 0.070370
0 0.255729 0.448148 0.090625 0.129630
0 0.484375 0.362037 0.066667 0.116667
0 0.405729 0.166667 0.046875 0.059259
0 0.514062 0.194444 0.040625 0.070370
0 0.458854 0.138889 0.034375 0.055556
0 0.516667 0.124074 0.031250 0.051852
