0 0.623958 0.102778 0.031250 0.053704
0 0.681771 0.097222 0.034375 0.046296
0 0.584375 0.124074 0.027083 0.048148
0 0.657813 0.125000 0.030208 0.046296
0 0.658854 0.168519 0.042708 0.066667
0 0.736979 0.197222 0.051042 0.072222
0 0.621354 0.229630 0.053125 0.081481
0 0.862500 0.342593 0.087500 0.118519
0 0.815625 0.515741 0.122917 0.168519
0 0.781771 0.843519 0.180208 0.268519
0 0.304688 0.302778 0.061458 0.087037
0 0.325521 0.434259 0.086458 0.131481
0 0.439583 0.618519 0.116667 0.248148
0 0.482812 0.306481 0.061458 0.101852
0 0.451042 0.151852 0.039583 0.059259
0 0.513021 0.152778 0.040625 0.075926
