0 0.619792 0.513889 0.097917 0.175926
0 0.529687 0.317593 0.053125 0.098148
0 0.616667 0.275000 0.045833 0.079630
0 0.698958 0.126852 0.025000 0.031481
0 0.716146 0.168519 0.040625 0.059259
0 0.648438 0.231481 0.046875 0.066667
0 0.585938 0.168519 0.032292 0.044444
0 0.647917 0.192593 0.035417 0.044444
0 0.797396 0.224074 0.051042 0.066667
0 0.889062 0.271296 0.061458 0.079630
0 0.891667 0.412037 0.100000 0.116667
0 0.589583 0.126852 0.027083 0.035185
0 0.619271 0.112963 0.023958 0.040741
0 0.545833 0.113889 0.020833 0.035185
