0 0.345313 0.881481 0.203125 0.237037
0 0.679167 0.553704 0.100000 0.211111
0 0.508333 0.418519 0.087500 0.148148
0 0.469271 0.217593 0.053125 0.079630
0 0.648958 0.292593 0.070833 0.155556
0 0.560937 0.225926 0.057292 0.103704
0 0.641667 0.110185 0.035417 0.061111
0 0.597396 0.088889 0.028125 0.048148
0 0.763021 0.188889 0.053125 0.077778
0 0.819271 0.170370 0.053125 0.077778
0 0.870313 0.135185 0.048958 0.070370
0 0.802083 0.098148 0.043750 0.055556
0 0.956250 0.080556 0.087500 0.053704
0 0.578125 0.161111 0.043750 0.070370
0 0.888021 0.506481 0.132292 0.183333
