0 0.607812 0.087037 0.023958 0.037037
0 0.620833 0.132407 0.027083 0.031481
0 0.336979 0.228704 0.057292 0.072222
0 0.435417 0.225926 0.047917 0.077778
0 0.504687 0.200000 0.044792 0.070370
0 0.618229 0.164815 0.036458 0.059259
0 0.717187 0.276852 0.059375 0.090741
0 0.495312 0.111111 0.028125 0.048148
0 0.629167 0.305556 0.068750 0.103704
0 0.518750 0.148148 0.031250 0.055556
0 0.773958 0.418519 0.091667 0.151852
0 0.653125 0.426852 0.091667 0.150000
0 0.529687 0.100000 0.023958 0.040741
0 0.904687 0.712963 0.148958 0.233333
