0 0.336458 0.223148 0.050000 0.075926
0 0.487500 0.425000 0.089583 0.172222
0 0.644271 0.138889 0.032292 0.055556
0 0.579688 0.109259 0.030208 0.055556
0 0.700521 0.192593 0.046875 0.070370
0 0.701562 0.241667 0.059375 0.090741
0 0.441146 0.245370 0.051042 0.072222
0 0.392188 0.227778 0.042708 0.074074
0 0.519271 0.152778 0.032292 0.050000
0 0.771354 0.328704 0.069792 0.116667
0 0.457292 0.141667 0.035417 0.046296
0 0.494792 0.098148 0.022917 0.040741
0 0.531771 0.120370 0.028125 0.044444
0 0.902083 0.696296 0.156250 0.222222
