0 0.631771 0.108333 0.028125 0.046296
0 0.650000 0.145370 0.033333 0.053704
0 0.587500 0.128704 0.029167 0.050000
0 0.705208 0.140741 0.035417 0.055556
0 0.665104 0.196296 0.046875 0.081481
0 0.605729 0.236111 0.057292 0.087037
0 0.757812 0.238889 0.059375 0.085185
0 0.628125 0.358333 0.072917 0.120370
0 0.755729 0.362037 0.080208 0.124074
0 0.869271 0.632407 0.151042 0.231481
0 0.957292 0.531481 0.085417 0.177778
0 0.325521 0.229630 0.053125 0.074074
0 0.203125 0.539815 0.116667 0.164815
0 0.461458 0.502778 0.087500 0.161111
0 0.386979 0.178704 0.057292 0.057407
0 0.509375 0.231481 0.043750 0.077778
0 0.457292 0.154630 0.033333 0.057407
0 0.515104 0.141667 0.034375 0.061111
0 0.518229 0.105556 0.028125 0.037037
