0 0.623437 0.098148 0.030208 0.055556
0 0.679167 0.093519 0.033333 0.046296
0 0.583854 0.121296 0.030208 0.053704
0 0.655729 0.124074 0.028125 0.044444
0 0.655729 0.162037 0.042708 0.064815
0 0.733333 0.191667 0.050000 0.068519
0 0.618229 0.221296 0.048958 0.075926
0 0.852604 0.329630 0.084375 0.118519
0 0.801042 0.482407 0.116667 0.157407
0 0.760417 0.774074 0.160417 0.255556
0 0.302604 0.309259 0.059375 0.088889
0 0.315104 0.454630 0.086458 0.135185
0 0.430729 0.681481 0.128125 0.277778
0 0.480729 0.322222 0.059375 0.107407
0 0.449479 0.153704 0.040625 0.055556
0 0.511458 0.155556 0.039583 0.074074
