0 0.707292 0.878704 0.162500 0.242593
0 0.471875 0.584259 0.120833 0.220370
0 0.469792 0.217593 0.056250 0.075926
0 0.658333 0.403704 0.091667 0.207407
0 0.542708 0.289815 0.070833 0.124074
0 0.645833 0.137963 0.039583 0.068519
0 0.597396 0.097222 0.028125 0.050000
0 0.742188 0.142593 0.042708 0.066667
0 0.794792 0.132407 0.043750 0.068519
0 0.850000 0.112037 0.043750 0.064815
0 0.792708 0.079630 0.037500 0.051852
0 0.968229 0.082407 0.063542 0.061111
0 0.570833 0.196296 0.052083 0.077778
0 0.818229 0.347222 0.094792 0.131481
