0 0.648958 0.159259 0.033333 0.062963
0 0.594271 0.178704 0.042708 0.079630
0 0.726042 0.179630 0.047917 0.066667
0 0.607292 0.249074 0.047917 0.087037
0 0.701042 0.249074 0.056250 0.087037
0 0.750521 0.374074 0.084375 0.140741
0 0.873958 0.379630 0.097917 0.133333
0 0.728125 0.621296 0.127083 0.205556
0 0.326042 0.230556 0.041667 0.075926
0 0.066667 0.818519 0.131250 0.259259
0 0.492188 0.359259 0.063542 0.125926
0 0.438021 0.189815 0.040625 0.068519
0 0.505729 0.187037 0.042708 0.081481
0 0.509375 0.138889 0.031250 0.051852
0 0.479687 0.087963 0.028125 0.035185
