0 0.485417 0.501852 0.108333 0.192593
0 0.661979 0.311111 0.065625 0.125926
0 0.546875 0.268519 0.064583 0.096296
0 0.469792 0.214815 0.054167 0.077778
0 0.642188 0.188889 0.053125 0.107407
0 0.577604 0.162963 0.044792 0.085185
0 0.639062 0.075926 0.030208 0.051852
0 0.597917 0.075926 0.027083 0.048148
0 0.825521 0.311111 0.082292 0.114815
0 0.881771 0.260185 0.076042 0.105556
0 0.917188 0.182407 0.065625 0.087037
0 0.830729 0.126852 0.055208 0.068519
0 0.891146 0.093519 0.063542 0.061111
0 0.586458 0.123148 0.039583 0.061111
