0 0.633854 0.117593 0.030208 0.050000
0 0.653646 0.151852 0.038542 0.055556
0 0.590104 0.138889 0.034375 0.055556
0 0.711979 0.149074 0.038542 0.053704
0 0.670833 0.209259 0.050000 0.085185
0 0.614583 0.257407 0.062500 0.100000
0 0.768750 0.262037 0.062500 0.087037
0 0.641667 0.403704 0.077083 0.125926
0 0.773438 0.406481 0.090625 0.135185
0 0.325521 0.228704 0.053125 0.072222
0 0.231771 0.493519 0.103125 0.138889
0 0.475000 0.427778 0.075000 0.137037
0 0.397917 0.175000 0.050000 0.057407
0 0.511979 0.215741 0.042708 0.072222
0 0.458333 0.147222 0.031250 0.053704
0 0.516146 0.134259 0.034375 0.057407
0 0.519792 0.101852 0.025000 0.040741
