0 0.333333 0.220370 0.045833 0.070370
0 0.296354 0.547222 0.107292 0.161111
0 0.428125 0.674074 0.125000 0.233333
0 0.717187 0.156481 0.040625 0.053704
0 0.485417 0.161111 0.041667 0.066667
0 0.593229 0.164815 0.040625 0.062963
0 0.493229 0.309259 0.057292 0.107407
0 0.683333 0.225926 0.054167 0.085185
0 0.603646 0.212963 0.048958 0.085185
0 0.514062 0.201852 0.040625 0.077778
0 0.767708 0.348148 0.081250 0.125926
0 0.823958 0.490741 0.122917 0.196296
0 0.488021 0.105556 0.030208 0.044444
0 0.451562 0.095370 0.021875 0.038889
