0 0.406250 0.851852 0.179167 0.296296
0 0.469792 0.215741 0.052083 0.083333
0 0.671354 0.602778 0.132292 0.309259
0 0.508854 0.386111 0.088542 0.168519
0 0.646875 0.171296 0.045833 0.079630
0 0.596354 0.102778 0.030208 0.053704
0 0.726042 0.107407 0.037500 0.062963
0 0.778125 0.100926 0.039583 0.057407
0 0.828646 0.084259 0.038542 0.057407
0 0.784375 0.057407 0.033333 0.048148
0 0.976042 0.077778 0.047917 0.062963
0 0.555729 0.245370 0.059375 0.098148
0 0.778125 0.251852 0.070833 0.096296
0 0.644792 0.084259 0.033333 0.053704
