0 0.411979 0.735185 0.155208 0.311111
0 0.669271 0.429630 0.084375 0.162963
0 0.523958 0.349074 0.079167 0.131481
0 0.468229 0.214815 0.053125 0.081481
0 0.643750 0.242593 0.062500 0.129630
0 0.568229 0.193519 0.051042 0.090741
0 0.640104 0.093519 0.034375 0.057407
0 0.595313 0.080556 0.028125 0.046296
0 0.780729 0.221296 0.059375 0.090741
0 0.836458 0.195370 0.060417 0.083333
0 0.884896 0.146296 0.057292 0.074074
0 0.809896 0.106481 0.046875 0.064815
0 0.931250 0.084259 0.085417 0.061111
0 0.579688 0.140741 0.042708 0.062963
0 0.934896 0.668519 0.130208 0.240741
