0 0.338542 0.250926 0.043750 0.072222
0 0.627604 0.113889 0.026042 0.042593
0 0.675521 0.129630 0.030208 0.044444
0 0.654167 0.159259 0.039583 0.066667
0 0.491146 0.321296 0.057292 0.101852
0 0.711979 0.173148 0.040625 0.061111
0 0.377604 0.384259 0.076042 0.116667
0 0.464583 0.166667 0.035417 0.059259
0 0.519271 0.237037 0.048958 0.066667
0 0.699479 0.275926 0.055208 0.092593
0 0.796354 0.286111 0.069792 0.098148
0 0.516146 0.163889 0.030208 0.050000
0 0.449479 0.140741 0.028125 0.048148
0 0.486458 0.116667 0.022917 0.033333
0 0.898438 0.647222 0.142708 0.194444
