0 0.335417 0.225926 0.047917 0.062963
0 0.478646 0.478704 0.101042 0.212963
0 0.641667 0.130556 0.033333 0.053704
0 0.579688 0.106481 0.030208 0.042593
0 0.696354 0.180556 0.042708 0.061111
0 0.694792 0.227778 0.058333 0.092593
0 0.429688 0.267593 0.053125 0.079630
0 0.377604 0.246296 0.048958 0.074074
0 0.514062 0.160185 0.032292 0.053704
0 0.765104 0.303704 0.063542 0.096296
0 0.453125 0.144444 0.033333 0.051852
0 0.490625 0.096296 0.025000 0.044444
0 0.530208 0.122222 0.029167 0.044444
0 0.866667 0.618519 0.145833 0.203704
