0 0.626042 0.108333 0.031250 0.053704
0 0.676042 0.110185 0.029167 0.046296
0 0.650000 0.149074 0.035417 0.057407
0 0.681250 0.200926 0.050000 0.072222
0 0.610417 0.229630 0.045833 0.081481
0 0.767188 0.229630 0.057292 0.085185
0 0.730729 0.342593 0.078125 0.129630
0 0.670833 0.493519 0.110417 0.183333
0 0.901042 0.517593 0.125000 0.183333
0 0.325000 0.225926 0.050000 0.070370
0 0.202083 0.853704 0.189583 0.251852
0 0.358333 0.282407 0.058333 0.087037
0 0.305208 0.450926 0.100000 0.142593
0 0.509375 0.188889 0.039583 0.066667
0 0.426563 0.138889 0.030208 0.048148
0 0.522917 0.125926 0.027083 0.048148
0 0.467708 0.104630 0.025000 0.042593
