0 0.331771 0.221296 0.046875 0.075926
0 0.279167 0.586111 0.118750 0.179630
0 0.411458 0.755556 0.143750 0.259259
0 0.714583 0.155556 0.041667 0.055556
0 0.484896 0.163889 0.040625 0.068519
0 0.591667 0.160185 0.039583 0.061111
0 0.491667 0.326852 0.056250 0.112963
0 0.681771 0.221296 0.051042 0.079630
0 0.600521 0.206481 0.046875 0.079630
0 0.511979 0.210185 0.042708 0.079630
0 0.766667 0.342593 0.077083 0.118519
0 0.814583 0.474074 0.118750 0.181481
0 0.487500 0.109259 0.029167 0.040741
0 0.450000 0.100000 0.020833 0.040741
0 0.522917 0.087963 0.022917 0.042593
