0 0.470833 0.221296 0.054167 0.079630
0 0.314063 0.864815 0.205208 0.270370
0 0.656250 0.303704 0.066667 0.114815
0 0.593750 0.134259 0.035417 0.061111
0 0.710938 0.062037 0.028125 0.046296
0 0.753646 0.065741 0.030208 0.050000
0 0.793229 0.055556 0.032292 0.048148
0 0.493229 0.446296 0.096875 0.174074
0 0.741146 0.151852 0.048958 0.070370
0 0.651563 0.128704 0.038542 0.064815
0 0.868750 0.208333 0.064583 0.083333
0 0.832292 0.332407 0.081250 0.120370
0 0.568750 0.105556 0.035417 0.062963
0 0.625521 0.092593 0.036458 0.051852
