0 0.646875 0.146296 0.033333 0.059259
0 0.592187 0.168519 0.040625 0.074074
0 0.722917 0.170370 0.045833 0.059259
0 0.604688 0.237037 0.046875 0.081481
0 0.697396 0.237037 0.053125 0.081481
0 0.741667 0.350926 0.079167 0.131481
0 0.864062 0.361111 0.090625 0.125926
0 0.718229 0.576852 0.121875 0.190741
0 0.325000 0.233333 0.043750 0.074074
0 0.055729 0.845370 0.109375 0.264815
0 0.486979 0.382407 0.069792 0.131481
0 0.436979 0.196296 0.042708 0.070370
0 0.505208 0.192593 0.041667 0.077778
0 0.510417 0.146296 0.033333 0.062963
0 0.477604 0.087037 0.028125 0.040741
