0 0.635938 0.122222 0.028125 0.048148
0 0.659896 0.161111 0.038542 0.055556
0 0.593750 0.155556 0.037500 0.059259
0 0.723437 0.162037 0.042708 0.064815
0 0.679167 0.232407 0.052083 0.087037
0 0.622917 0.287963 0.066667 0.109259
0 0.789583 0.297222 0.070833 0.101852
0 0.659896 0.478704 0.090625 0.146296
0 0.807292 0.482407 0.106250 0.161111
0 0.325000 0.229630 0.050000 0.070370
0 0.268750 0.428704 0.089583 0.124074
0 0.487500 0.337963 0.064583 0.109259
0 0.409896 0.163889 0.044792 0.057407
0 0.514583 0.187037 0.037500 0.066667
0 0.459896 0.137963 0.032292 0.053704
0 0.517708 0.119444 0.031250 0.050000
