0 0.634896 0.119444 0.034375 0.057407
0 0.681771 0.138889 0.032292 0.055556
0 0.666146 0.182407 0.042708 0.064815
0 0.706771 0.250000 0.059375 0.085185
0 0.632812 0.323148 0.061458 0.101852
0 0.820312 0.321296 0.076042 0.112963
0 0.824479 0.532407 0.130208 0.198148
0 0.780208 0.911111 0.218750 0.177778
0 0.323958 0.224074 0.052083 0.066667
0 0.357292 0.458333 0.093750 0.142593
0 0.392708 0.217593 0.047917 0.072222
0 0.400000 0.288889 0.068750 0.096296
0 0.516146 0.129630 0.032292 0.055556
0 0.440625 0.108333 0.027083 0.046296
