0 0.334375 0.229630 0.045833 0.077778
0 0.632812 0.115741 0.026042 0.050000
0 0.576562 0.079630 0.021875 0.040741
0 0.682813 0.139815 0.034375 0.053704
0 0.667708 0.180556 0.047917 0.072222
0 0.324479 0.558333 0.109375 0.175926
0 0.215625 0.515741 0.108333 0.146296
0 0.504687 0.226852 0.044792 0.072222
0 0.735938 0.205556 0.048958 0.066667
0 0.426563 0.236111 0.046875 0.075926
0 0.477083 0.128704 0.027083 0.050000
0 0.526563 0.171296 0.038542 0.061111
0 0.742188 0.356481 0.078125 0.116667
0 0.897396 0.406481 0.101042 0.131481
0 0.510417 0.116667 0.029167 0.044444
0 0.459896 0.105556 0.021875 0.037037
