0 0.471875 0.217593 0.054167 0.079630
0 0.284896 0.906481 0.201042 0.187037
0 0.657813 0.318519 0.069792 0.122222
0 0.592708 0.134259 0.035417 0.064815
0 0.710417 0.053704 0.027083 0.040741
0 0.751563 0.058333 0.030208 0.046296
0 0.790104 0.049074 0.034375 0.050000
0 0.480729 0.478704 0.103125 0.190741
0 0.736979 0.140741 0.046875 0.066667
0 0.652083 0.131481 0.037500 0.062963
0 0.859375 0.196296 0.060417 0.081481
0 0.823438 0.308333 0.078125 0.112963
0 0.569271 0.103704 0.038542 0.062963
0 0.628125 0.089815 0.035417 0.053704
