0 0.333854 0.227778 0.044792 0.074074
0 0.634375 0.121296 0.027083 0.050000
0 0.576042 0.086111 0.025000 0.042593
0 0.686979 0.148148 0.036458 0.059259
0 0.675521 0.193519 0.046875 0.075926
0 0.365625 0.447222 0.085417 0.131481
0 0.278125 0.408333 0.083333 0.112963
0 0.506771 0.208333 0.042708 0.068519
0 0.743229 0.231481 0.055208 0.081481
0 0.436458 0.208333 0.045833 0.068519
0 0.480208 0.123148 0.025000 0.046296
0 0.528646 0.157407 0.038542 0.051852
0 0.763542 0.403704 0.089583 0.133333
0 0.932813 0.483333 0.090625 0.155556
0 0.506250 0.111111 0.025000 0.033333
0 0.463021 0.100000 0.026042 0.033333
