0 0.627604 0.111111 0.032292 0.055556
0 0.678125 0.114815 0.033333 0.055556
0 0.653125 0.160185 0.033333 0.053704
0 0.681771 0.211111 0.051042 0.077778
0 0.614062 0.239815 0.048958 0.079630
0 0.774479 0.242593 0.061458 0.085185
0 0.738542 0.360185 0.081250 0.135185
0 0.680729 0.528704 0.119792 0.194444
0 0.914583 0.552778 0.127083 0.183333
0 0.326562 0.229630 0.051042 0.070370
0 0.233854 0.799074 0.171875 0.261111
0 0.363542 0.275000 0.056250 0.087037
0 0.319792 0.425000 0.095833 0.138889
0 0.510938 0.183333 0.038542 0.062963
0 0.428646 0.134259 0.030208 0.050000
0 0.522396 0.124074 0.028125 0.044444
0 0.467708 0.106481 0.027083 0.046296
