0 0.631250 0.137963 0.033333 0.053704
0 0.735417 0.211111 0.050000 0.066667
0 0.818229 0.494444 0.115625 0.162963
0 0.951042 0.867593 0.097917 0.201852
0 0.146354 0.902778 0.209375 0.194444
0 0.079687 0.726852 0.157292 0.235185
0 0.350521 0.437963 0.088542 0.135185
0 0.419271 0.301852 0.061458 0.100000
0 0.515625 0.268519 0.050000 0.096296
0 0.435937 0.212963 0.046875 0.070370
0 0.510417 0.158333 0.033333 0.053704
0 0.472917 0.131481 0.031250 0.048148
0 0.441667 0.113889 0.025000 0.050000
0 0.460417 0.088889 0.025000 0.033333
