0 0.626042 0.096296 0.033333 0.051852
0 0.671354 0.098148 0.034375 0.051852
0 0.646354 0.137037 0.030208 0.051852
0 0.675000 0.181481 0.043750 0.062963
0 0.603646 0.196296 0.040625 0.074074
0 0.753125 0.203704 0.052083 0.074074
0 0.710938 0.298148 0.069792 0.118519
0 0.651042 0.408333 0.093750 0.157407
0 0.857292 0.424074 0.100000 0.140741
0 0.740104 0.833333 0.165625 0.248148
0 0.326042 0.225000 0.052083 0.068519
0 0.335938 0.312037 0.065625 0.094444
0 0.248438 0.550926 0.123958 0.179630
0 0.504687 0.218519 0.044792 0.074074
0 0.421875 0.141667 0.033333 0.046296
0 0.520312 0.137963 0.032292 0.050000
0 0.466146 0.108333 0.023958 0.042593
0 0.518750 0.089815 0.027083 0.042593
