0 0.632292 0.113889 0.029167 0.046296
0 0.652083 0.150000 0.035417 0.055556
0 0.588542 0.133333 0.029167 0.051852
0 0.708333 0.143519 0.037500 0.053704
0 0.667708 0.202778 0.047917 0.087037
0 0.610938 0.244444 0.057292 0.092593
0 0.763021 0.251852 0.061458 0.085185
0 0.634896 0.382407 0.076042 0.124074
0 0.763021 0.382407 0.086458 0.131481
0 0.892708 0.687037 0.162500 0.251852
0 0.964063 0.557407 0.071875 0.174074
0 0.325000 0.228704 0.052083 0.072222
0 0.219271 0.516667 0.109375 0.151852
0 0.469792 0.463889 0.079167 0.150000
0 0.393229 0.178704 0.051042 0.057407
0 0.510417 0.222222 0.043750 0.074074
0 0.457813 0.150000 0.032292 0.055556
0 0.515104 0.137037 0.036458 0.059259
0 0.520312 0.104630 0.028125 0.038889
