0 0.625521 0.686111 0.136458 0.324074
0 0.686458 0.067593 0.025000 0.035185
0 0.631771 0.313889 0.082292 0.138889
0 0.769792 0.483333 0.110417 0.174074
0 0.659896 0.077778 0.026042 0.040741
0 0.518750 0.111111 0.029167 0.055556
0 0.580208 0.143519 0.039583 0.053704
0 0.758333 0.147222 0.037500 0.057407
0 0.823438 0.146296 0.051042 0.059259
0 0.579167 0.094444 0.029167 0.044444
0 0.866667 0.251852 0.072917 0.085185
0 0.559896 0.080556 0.023958 0.046296
0 0.610417 0.078704 0.025000 0.042593
0 0.960938 0.497222 0.078125 0.150000
0 0.982292 0.333333 0.035417 0.092593
