0 0.636458 0.121296 0.035417 0.053704
0 0.585938 0.128704 0.036458 0.057407
0 0.703125 0.130556 0.039583 0.053704
0 0.594792 0.175926 0.035417 0.070370
0 0.670833 0.173148 0.039583 0.072222
0 0.694271 0.240741 0.059375 0.100000
0 0.798438 0.272222 0.073958 0.100000
0 0.663021 0.370370 0.076042 0.122222
0 0.976042 0.535185 0.047917 0.140741
0 0.328646 0.250000 0.046875 0.070370
0 0.440625 0.800000 0.125000 0.274074
0 0.404167 0.251852 0.058333 0.081481
0 0.491667 0.272222 0.058333 0.111111
0 0.502604 0.181481 0.038542 0.070370
0 0.467187 0.104630 0.032292 0.046296
0 0.518229 0.095370 0.030208 0.050000
