0 0.340625 0.255556 0.045833 0.077778
0 0.643229 0.131481 0.032292 0.051852
0 0.467708 0.434259 0.079167 0.142593
0 0.694792 0.136111 0.033333 0.057407
0 0.286979 0.645370 0.130208 0.227778
0 0.453125 0.191667 0.039583 0.072222
0 0.512500 0.294444 0.060417 0.092593
0 0.675521 0.218519 0.048958 0.077778
0 0.748437 0.211111 0.053125 0.070370
0 0.508333 0.201852 0.043750 0.070370
0 0.440104 0.165741 0.028125 0.050000
0 0.481771 0.127778 0.028125 0.040741
0 0.780208 0.402778 0.085417 0.120370
0 0.459375 0.098148 0.022917 0.040741
0 0.493229 0.098148 0.023958 0.037037
0 0.907813 0.772222 0.140625 0.259259
