0 0.630729 0.112963 0.034375 0.059259
0 0.580208 0.109259 0.033333 0.055556
0 0.691667 0.113889 0.033333 0.053704
0 0.589583 0.151852 0.033333 0.059259
0 0.661979 0.148148 0.034375 0.059259
0 0.675000 0.199074 0.052083 0.079630
0 0.771354 0.235185 0.065625 0.092593
0 0.641667 0.296296 0.064583 0.103704
0 0.935937 0.444444 0.103125 0.137037
0 0.935937 0.825000 0.128125 0.216667
0 0.321354 0.265741 0.053125 0.083333
0 0.374479 0.309259 0.065625 0.096296
0 0.478125 0.360185 0.072917 0.138889
0 0.497396 0.223148 0.051042 0.079630
0 0.461458 0.122222 0.033333 0.051852
0 0.516146 0.116667 0.032292 0.059259
