0 0.496354 0.119444 0.032292 0.050000
0 0.613021 0.388889 0.084375 0.151852
0 0.689583 0.054630 0.022917 0.031481
0 0.555208 0.271296 0.054167 0.094444
0 0.820833 0.560185 0.129167 0.216667
0 0.680208 0.073148 0.027083 0.038889
0 0.723958 0.058333 0.027083 0.035185
0 0.688021 0.098148 0.034375 0.051852
0 0.756771 0.106481 0.042708 0.057407
0 0.578646 0.115741 0.030208 0.050000
0 0.759896 0.176852 0.046875 0.057407
0 0.863021 0.217593 0.067708 0.087037
0 0.499479 0.162037 0.063542 0.057407
0 0.566146 0.050000 0.019792 0.033333
