0 0.620313 0.086111 0.028125 0.053704
0 0.673958 0.082407 0.027083 0.046296
0 0.584375 0.109259 0.029167 0.040741
0 0.653646 0.111111 0.030208 0.040741
0 0.651563 0.143519 0.038542 0.061111
0 0.727083 0.175000 0.043750 0.068519
0 0.614062 0.205556 0.051042 0.077778
0 0.834896 0.308333 0.080208 0.109259
0 0.777604 0.425000 0.103125 0.135185
0 0.728125 0.649074 0.135417 0.220370
0 0.300000 0.319444 0.062500 0.098148
0 0.291667 0.511111 0.100000 0.162963
0 0.407292 0.833333 0.156250 0.333333
0 0.476042 0.355556 0.070833 0.114815
0 0.445312 0.154630 0.040625 0.061111
0 0.509896 0.163889 0.042708 0.079630
