0 0.582292 0.107407 0.029167 0.055556
0 0.688542 0.115741 0.031250 0.053704
0 0.654687 0.169444 0.038542 0.072222
0 0.600000 0.193519 0.047917 0.079630
0 0.734896 0.194444 0.048958 0.070370
0 0.614583 0.278704 0.054167 0.090741
0 0.717708 0.279630 0.062500 0.096296
0 0.780208 0.430556 0.097917 0.164815
0 0.908333 0.418519 0.108333 0.144444
0 0.769271 0.776852 0.159375 0.250000
0 0.324479 0.223148 0.051042 0.072222
0 0.109375 0.693519 0.158333 0.212963
0 0.361458 0.180556 0.068750 0.053704
0 0.498437 0.296296 0.057292 0.100000
0 0.447396 0.173148 0.040625 0.064815
0 0.509896 0.165741 0.036458 0.068519
0 0.513542 0.121296 0.029167 0.046296
