0 0.642188 0.137037 0.036458 0.062963
0 0.586458 0.149074 0.041667 0.068519
0 0.711979 0.151852 0.038542 0.059259
0 0.601042 0.206481 0.041667 0.072222
0 0.682292 0.202778 0.047917 0.072222
0 0.711979 0.285185 0.065625 0.111111
0 0.828125 0.313889 0.079167 0.109259
0 0.686458 0.452778 0.091667 0.146296
0 0.328125 0.240741 0.045833 0.070370
0 0.468229 0.529630 0.088542 0.181481
0 0.422917 0.224074 0.050000 0.074074
0 0.495312 0.227778 0.051042 0.092593
0 0.506250 0.162963 0.035417 0.059259
0 0.474479 0.098148 0.030208 0.048148
0 0.519271 0.089815 0.026042 0.046296
