0 0.340625 0.265741 0.045833 0.083333
0 0.640625 0.123148 0.033333 0.046296
0 0.448437 0.503704 0.094792 0.162963
0 0.689583 0.127778 0.031250 0.051852
0 0.201563 0.858333 0.180208 0.246296
0 0.445833 0.209259 0.043750 0.077778
0 0.510938 0.325000 0.061458 0.105556
0 0.668750 0.199074 0.043750 0.068519
0 0.733333 0.187963 0.047917 0.064815
0 0.500000 0.226852 0.043750 0.075926
0 0.436458 0.169444 0.033333 0.057407
0 0.479167 0.129630 0.031250 0.040741
0 0.753125 0.343519 0.068750 0.109259
0 0.454688 0.102778 0.023958 0.038889
0 0.493229 0.100000 0.026042 0.037037
0 0.856250 0.611111 0.145833 0.203704
