0 0.660417 0.885185 0.164583 0.229630
0 0.523438 0.467593 0.082292 0.168519
0 0.628646 0.355556 0.065625 0.107407
0 0.689583 0.121296 0.037500 0.046296
0 0.693229 0.300000 0.061458 0.096296
0 0.589063 0.189815 0.042708 0.053704
0 0.655208 0.248148 0.045833 0.085185
0 0.752083 0.158333 0.035417 0.053704
0 0.815104 0.178704 0.044792 0.053704
0 0.792188 0.269444 0.065625 0.079630
0 0.589063 0.133333 0.028125 0.040741
0 0.623958 0.121296 0.029167 0.046296
0 0.540625 0.119444 0.029167 0.050000
0 0.606771 0.083333 0.019792 0.033333
