0 0.331250 0.225000 0.045833 0.072222
0 0.219271 0.725000 0.146875 0.231481
0 0.704167 0.143519 0.037500 0.053704
0 0.486979 0.177778 0.040625 0.074074
0 0.589063 0.150926 0.034375 0.053704
0 0.479687 0.403704 0.076042 0.129630
0 0.673958 0.202778 0.047917 0.079630
0 0.595833 0.189815 0.041667 0.068519
0 0.506771 0.241667 0.046875 0.087037
0 0.757292 0.316667 0.075000 0.114815
0 0.792708 0.425926 0.106250 0.166667
0 0.483333 0.115741 0.027083 0.038889
0 0.444792 0.106481 0.022917 0.035185
0 0.520833 0.088889 0.020833 0.033333
