0 0.333854 0.231481 0.048958 0.070370
0 0.666146 0.102778 0.026042 0.046296
0 0.495312 0.292593 0.065625 0.125926
0 0.579688 0.108333 0.026042 0.042593
0 0.652083 0.157407 0.037500 0.066667
0 0.584375 0.139815 0.033333 0.053704
0 0.453646 0.640741 0.107292 0.225926
0 0.713021 0.233333 0.055208 0.077778
0 0.725000 0.292593 0.070833 0.107407
0 0.463542 0.182407 0.039583 0.061111
0 0.417708 0.171296 0.035417 0.053704
0 0.518750 0.128704 0.027083 0.042593
0 0.798958 0.450926 0.100000 0.150000
0 0.459896 0.112037 0.026042 0.042593
0 0.496354 0.084259 0.021875 0.038889
0 0.531771 0.098148 0.023958 0.033333
