0 0.431771 0.675926 0.142708 0.277778
0 0.667708 0.400926 0.079167 0.153704
0 0.529687 0.328704 0.073958 0.124074
0 0.468229 0.212963 0.053125 0.081481
0 0.643229 0.229630 0.059375 0.122222
0 0.570312 0.187037 0.048958 0.088889
0 0.639583 0.088889 0.035417 0.055556
0 0.596354 0.078704 0.028125 0.046296
0 0.788021 0.236111 0.063542 0.098148
0 0.844792 0.205556 0.062500 0.088889
0 0.890104 0.154630 0.059375 0.075926
0 0.813021 0.109259 0.048958 0.062963
0 0.921354 0.081481 0.084375 0.059259
0 0.580208 0.136111 0.039583 0.064815
0 0.946354 0.747222 0.107292 0.264815
