0 0.341146 0.251852 0.044792 0.077778
0 0.644271 0.135185 0.034375 0.055556
0 0.470833 0.410185 0.070833 0.131481
0 0.696875 0.142593 0.033333 0.048148
0 0.306250 0.585185 0.118750 0.188889
0 0.454167 0.187037 0.039583 0.066667
0 0.514583 0.283333 0.056250 0.088889
0 0.678125 0.218519 0.050000 0.085185
0 0.753125 0.219444 0.054167 0.072222
0 0.511458 0.195370 0.043750 0.064815
0 0.441146 0.159259 0.030208 0.048148
0 0.482812 0.123148 0.026042 0.038889
0 0.792188 0.427778 0.092708 0.125926
0 0.459896 0.097222 0.019792 0.038889
0 0.494271 0.094444 0.021875 0.033333
0 0.922396 0.836111 0.113542 0.275926
