0 0.339583 0.266667 0.045833 0.081481
0 0.639062 0.120370 0.032292 0.048148
0 0.442188 0.535185 0.098958 0.185185
0 0.686458 0.124074 0.031250 0.051852
0 0.442188 0.214815 0.044792 0.081481
0 0.510938 0.342593 0.065625 0.114815
0 0.665625 0.194444 0.043750 0.066667
0 0.728125 0.182407 0.045833 0.061111
0 0.495312 0.238889 0.046875 0.077778
0 0.434375 0.176852 0.035417 0.057407
0 0.479687 0.130556 0.030208 0.038889
0 0.745313 0.328704 0.067708 0.101852
0 0.453646 0.104630 0.026042 0.042593
0 0.492188 0.100926 0.026042 0.042593
0 0.834896 0.566667 0.134375 0.188889
