0 0.472917 0.536111 0.116667 0.209259
0 0.661979 0.327778 0.067708 0.133333
0 0.540104 0.279630 0.067708 0.103704
0 0.467708 0.212963 0.052083 0.081481
0 0.641146 0.196296 0.055208 0.111111
0 0.573438 0.165741 0.046875 0.087037
0 0.638021 0.076852 0.030208 0.053704
0 0.595313 0.075000 0.028125 0.050000
0 0.813542 0.286111 0.077083 0.105556
0 0.868750 0.242593 0.072917 0.100000
0 0.908333 0.170370 0.062500 0.081481
0 0.823958 0.120370 0.054167 0.066667
0 0.895833 0.089815 0.066667 0.061111
0 0.583854 0.125000 0.038542 0.061111
