0 0.630208 0.111111 0.035417 0.059259
0 0.579167 0.106481 0.033333 0.057407
0 0.689583 0.113889 0.033333 0.053704
0 0.589063 0.146296 0.032292 0.051852
0 0.660937 0.147222 0.032292 0.057407
0 0.670312 0.195370 0.048958 0.075926
0 0.765625 0.232407 0.062500 0.090741
0 0.637500 0.287963 0.062500 0.101852
0 0.927604 0.431481 0.107292 0.137037
0 0.922917 0.771296 0.154167 0.224074
0 0.319271 0.271296 0.055208 0.083333
0 0.369792 0.324074 0.066667 0.096296
0 0.474479 0.385185 0.078125 0.148148
0 0.495312 0.233333 0.051042 0.081481
0 0.458854 0.125000 0.034375 0.050000
0 0.515104 0.122222 0.032292 0.062963
