0 0.497396 0.118519 0.032292 0.051852
0 0.609375 0.360185 0.079167 0.138889
0 0.692708 0.056481 0.022917 0.031481
0 0.556771 0.254630 0.055208 0.090741
0 0.794271 0.500000 0.109375 0.188889
0 0.683333 0.075000 0.027083 0.038889
0 0.727604 0.061111 0.028125 0.037037
0 0.692708 0.102778 0.035417 0.053704
0 0.762500 0.111111 0.043750 0.062963
0 0.577604 0.110185 0.030208 0.046296
0 0.766146 0.186111 0.048958 0.061111
0 0.876042 0.227778 0.068750 0.088889
0 0.492708 0.158333 0.060417 0.057407
0 0.565104 0.048148 0.019792 0.033333
