0 0.333854 0.230556 0.042708 0.072222
0 0.631250 0.109259 0.022917 0.044444
0 0.577083 0.075926 0.022917 0.033333
0 0.679688 0.133333 0.034375 0.055556
0 0.660937 0.169444 0.044792 0.068519
0 0.264583 0.733333 0.139583 0.240741
0 0.116667 0.683333 0.147917 0.203704
0 0.499479 0.253704 0.044792 0.085185
0 0.728125 0.188889 0.047917 0.066667
0 0.412500 0.269444 0.054167 0.083333
0 0.471875 0.140741 0.031250 0.051852
0 0.523438 0.184259 0.038542 0.057407
0 0.725521 0.320370 0.065625 0.100000
0 0.858854 0.349074 0.082292 0.109259
0 0.514062 0.127778 0.028125 0.044444
0 0.456250 0.114815 0.022917 0.033333
0 0.489063 0.093519 0.019792 0.035185
