0 0.340625 0.251852 0.043750 0.077778
0 0.645312 0.139815 0.034375 0.061111
0 0.476042 0.391667 0.068750 0.131481
0 0.700000 0.145370 0.035417 0.050000
0 0.321875 0.539815 0.104167 0.168519
0 0.456250 0.185185 0.039583 0.066667
0 0.515104 0.274074 0.055208 0.081481
0 0.681250 0.227778 0.050000 0.085185
0 0.759375 0.227778 0.056250 0.070370
0 0.512500 0.187963 0.041667 0.064815
0 0.443229 0.154630 0.030208 0.046296
0 0.483333 0.119444 0.025000 0.038889
0 0.806250 0.453704 0.100000 0.137037
0 0.461979 0.092593 0.019792 0.037037
0 0.494792 0.092593 0.020833 0.029630
