0 0.696875 0.762037 0.147917 0.305556
0 0.739583 0.034259 0.029167 0.038889
0 0.632812 0.399074 0.088542 0.146296
0 0.773958 0.028704 0.027083 0.035185
0 0.761979 0.056481 0.032292 0.046296
0 0.784896 0.074074 0.032292 0.048148
0 0.624479 0.162037 0.042708 0.057407
0 0.832292 0.070370 0.041667 0.048148
0 0.729167 0.081481 0.037500 0.051852
0 0.535417 0.086111 0.031250 0.053704
0 0.683854 0.141667 0.044792 0.072222
0 0.516667 0.211111 0.064583 0.074074
0 0.573438 0.061111 0.023958 0.051852
0 0.953646 0.233333 0.092708 0.096296
0 0.641146 0.049074 0.032292 0.053704
