0 0.334375 0.228704 0.050000 0.068519
0 0.463542 0.596296 0.120833 0.259259
0 0.638542 0.127778 0.031250 0.051852
0 0.577604 0.100000 0.026042 0.040741
0 0.693229 0.171296 0.036458 0.061111
0 0.686979 0.219444 0.053125 0.079630
0 0.416667 0.310185 0.062500 0.090741
0 0.353646 0.290741 0.059375 0.085185
0 0.513542 0.176852 0.037500 0.053704
0 0.758333 0.276852 0.060417 0.083333
0 0.450000 0.166667 0.035417 0.051852
0 0.487500 0.106481 0.025000 0.042593
0 0.529167 0.132407 0.031250 0.042593
0 0.823958 0.530556 0.118750 0.179630
