0 0.626042 0.112037 0.029167 0.057407
0 0.579167 0.105556 0.029167 0.055556
0 0.687500 0.109259 0.033333 0.048148
0 0.586979 0.142593 0.032292 0.055556
0 0.657813 0.140741 0.030208 0.051852
0 0.667188 0.187963 0.046875 0.072222
0 0.754167 0.220370 0.058333 0.077778
0 0.632292 0.272222 0.062500 0.092593
0 0.905729 0.399074 0.103125 0.131481
0 0.887500 0.675000 0.156250 0.224074
0 0.315625 0.281481 0.058333 0.088889
0 0.356771 0.354630 0.069792 0.109259
0 0.465625 0.447222 0.091667 0.172222
0 0.490625 0.258333 0.050000 0.090741
0 0.455729 0.135185 0.036458 0.055556
0 0.514583 0.135185 0.035417 0.066667
