0 0.333333 0.233333 0.047917 0.074074
0 0.668229 0.105556 0.028125 0.048148
0 0.495312 0.281481 0.061458 0.118519
0 0.580208 0.112963 0.027083 0.044444
0 0.653646 0.161111 0.036458 0.066667
0 0.585417 0.143519 0.033333 0.057407
0 0.462500 0.576852 0.093750 0.205556
0 0.717187 0.234259 0.059375 0.072222
0 0.729167 0.295370 0.075000 0.109259
0 0.467187 0.177778 0.038542 0.059259
0 0.418750 0.165741 0.035417 0.053704
0 0.518750 0.125000 0.027083 0.042593
0 0.806771 0.472222 0.105208 0.159259
0 0.460417 0.107407 0.025000 0.040741
0 0.496875 0.083333 0.020833 0.037037
0 0.531771 0.095370 0.021875 0.031481
