0 0.633333 0.116667 0.035417 0.059259
0 0.582292 0.120370 0.035417 0.059259
0 0.698958 0.124074 0.037500 0.051852
0 0.594271 0.165741 0.036458 0.064815
0 0.665104 0.161111 0.038542 0.059259
0 0.685937 0.225926 0.057292 0.092593
0 0.786458 0.255556 0.064583 0.092593
0 0.652083 0.334259 0.072917 0.116667
0 0.961458 0.500000 0.077083 0.155556
0 0.326042 0.253704 0.050000 0.081481
0 0.393750 0.274074 0.062500 0.088889
0 0.486458 0.303704 0.062500 0.114815
0 0.501042 0.198148 0.043750 0.070370
0 0.465625 0.112963 0.033333 0.048148
0 0.516146 0.107407 0.032292 0.059259
