0 0.622396 0.559259 0.103125 0.192593
0 0.525521 0.337037 0.059375 0.103704
0 0.615104 0.284259 0.051042 0.083333
0 0.694792 0.122222 0.027083 0.029630
0 0.708854 0.162037 0.038542 0.053704
0 0.652083 0.240741 0.047917 0.070370
0 0.584375 0.174074 0.031250 0.051852
0 0.648438 0.197222 0.036458 0.042593
0 0.785937 0.212037 0.048958 0.064815
0 0.870313 0.253704 0.061458 0.074074
0 0.869271 0.381481 0.092708 0.107407
0 0.585938 0.127778 0.026042 0.037037
0 0.619792 0.114815 0.027083 0.040741
0 0.541667 0.113889 0.022917 0.035185
