0 0.333854 0.229630 0.046875 0.077778
0 0.633854 0.119444 0.026042 0.050000
0 0.576562 0.084259 0.021875 0.038889
0 0.683333 0.145370 0.033333 0.057407
0 0.670833 0.188889 0.047917 0.074074
0 0.340104 0.517593 0.096875 0.157407
0 0.240104 0.477778 0.098958 0.129630
0 0.504687 0.225000 0.042708 0.075926
0 0.739583 0.215741 0.052083 0.072222
0 0.429688 0.225000 0.044792 0.075926
0 0.478646 0.127778 0.028125 0.048148
0 0.525521 0.167593 0.036458 0.057407
0 0.748437 0.372222 0.082292 0.118519
0 0.912500 0.433333 0.104167 0.137037
0 0.509375 0.116667 0.027083 0.040741
0 0.460938 0.104630 0.021875 0.038889
