0 0.339062 0.269444 0.046875 0.079630
0 0.639062 0.118519 0.032292 0.051852
0 0.436458 0.571296 0.102083 0.209259
0 0.682813 0.120370 0.030208 0.051852
0 0.439583 0.221296 0.045833 0.087037
0 0.510938 0.362037 0.069792 0.124074
0 0.663021 0.189815 0.042708 0.064815
0 0.722917 0.178704 0.043750 0.057407
0 0.489583 0.252778 0.050000 0.083333
0 0.432292 0.184259 0.037500 0.057407
0 0.478646 0.133333 0.028125 0.040741
0 0.736979 0.314815 0.067708 0.096296
0 0.452604 0.107407 0.028125 0.044444
0 0.490625 0.103704 0.025000 0.044444
0 0.815104 0.526852 0.126042 0.175926
