0 0.379167 0.925926 0.175000 0.148148
0 0.471354 0.215741 0.055208 0.083333
0 0.681250 0.742593 0.156250 0.400000
0 0.486979 0.444444 0.105208 0.196296
0 0.647396 0.189815 0.046875 0.087037
0 0.597396 0.109259 0.032292 0.059259
0 0.722396 0.097222 0.034375 0.061111
0 0.771354 0.094444 0.038542 0.055556
0 0.819792 0.078704 0.035417 0.061111
0 0.781250 0.055556 0.031250 0.048148
0 0.979688 0.080556 0.040625 0.061111
0 0.547396 0.271296 0.063542 0.105556
0 0.767708 0.228704 0.064583 0.098148
0 0.646354 0.092593 0.032292 0.055556
0 0.960417 0.345370 0.079167 0.127778
0 0.945833 0.614815 0.108333 0.214815
