0 0.331250 0.229630 0.045833 0.066667
0 0.124479 0.889815 0.211458 0.220370
0 0.693750 0.134259 0.039583 0.053704
0 0.490104 0.198148 0.046875 0.081481
0 0.584896 0.143519 0.030208 0.053704
0 0.467187 0.509259 0.088542 0.170370
0 0.667708 0.191667 0.043750 0.072222
0 0.593750 0.176852 0.041667 0.061111
0 0.496875 0.286111 0.056250 0.098148
0 0.746354 0.296296 0.069792 0.100000
0 0.774479 0.392593 0.092708 0.155556
0 0.479687 0.128704 0.030208 0.042593
0 0.440104 0.120370 0.026042 0.044444
0 0.521354 0.099074 0.023958 0.035185
0 0.910937 0.796296 0.134375 0.281481
