0 0.583333 0.109259 0.029167 0.051852
0 0.692708 0.118519 0.033333 0.051852
0 0.655729 0.169444 0.038542 0.072222
0 0.600521 0.200000 0.048958 0.077778
0 0.739062 0.200000 0.051042 0.070370
0 0.616146 0.290741 0.057292 0.096296
0 0.723958 0.293519 0.064583 0.101852
0 0.795312 0.462963 0.109375 0.174074
0 0.921354 0.431481 0.111458 0.151852
0 0.789062 0.833333 0.176042 0.244444
0 0.324479 0.225000 0.051042 0.072222
0 0.127083 0.661111 0.154167 0.203704
0 0.413021 0.779630 0.136458 0.266667
0 0.366667 0.180556 0.068750 0.053704
0 0.501563 0.279630 0.053125 0.096296
0 0.450000 0.169444 0.039583 0.061111
0 0.510938 0.159259 0.036458 0.070370
0 0.515104 0.116667 0.030208 0.044444
