0 0.338021 0.277778 0.046875 0.085185
0 0.639062 0.118519 0.032292 0.051852
0 0.429688 0.612963 0.103125 0.229630
0 0.681250 0.119444 0.031250 0.053704
0 0.436979 0.226852 0.046875 0.090741
0 0.508333 0.375926 0.072917 0.125926
0 0.661979 0.190741 0.038542 0.066667
0 0.719271 0.175926 0.042708 0.059259
0 0.485938 0.267593 0.053125 0.094444
0 0.430208 0.187963 0.037500 0.061111
0 0.476042 0.141667 0.031250 0.050000
0 0.728646 0.300000 0.067708 0.088889
0 0.451562 0.112963 0.028125 0.040741
0 0.489063 0.107407 0.026042 0.037037
0 0.798438 0.493519 0.119792 0.157407
