0 0.635938 0.118519 0.036458 0.059259
0 0.583333 0.124074 0.037500 0.062963
0 0.701562 0.126852 0.038542 0.057407
0 0.594271 0.169444 0.038542 0.064815
0 0.668229 0.164815 0.038542 0.062963
0 0.689063 0.229630 0.057292 0.092593
0 0.792188 0.259259 0.065625 0.092593
0 0.656250 0.346296 0.072917 0.122222
0 0.968750 0.518519 0.062500 0.159259
0 0.328125 0.248148 0.047917 0.074074
0 0.429167 0.868519 0.143750 0.229630
0 0.400000 0.262037 0.062500 0.083333
0 0.489583 0.287037 0.060417 0.111111
0 0.501563 0.189815 0.040625 0.068519
0 0.467708 0.106481 0.033333 0.050000
0 0.517188 0.101852 0.030208 0.059259
