0 0.494792 0.118519 0.035417 0.048148
0 0.619271 0.420370 0.088542 0.159259
0 0.687500 0.053704 0.025000 0.033333
0 0.556250 0.287037 0.054167 0.100000
0 0.850521 0.625926 0.157292 0.248148
0 0.677604 0.071296 0.030208 0.031481
0 0.720313 0.054630 0.023958 0.031481
0 0.680729 0.095370 0.034375 0.057407
0 0.749479 0.100000 0.040625 0.048148
0 0.582292 0.122222 0.031250 0.055556
0 0.752604 0.167593 0.044792 0.050000
0 0.850521 0.208333 0.065625 0.083333
0 0.508854 0.163889 0.063542 0.064815
0 0.566146 0.051852 0.017708 0.033333
