0 0.629167 0.113889 0.033333 0.057407
0 0.680208 0.119444 0.035417 0.053704
0 0.655208 0.162037 0.035417 0.057407
0 0.685937 0.218519 0.053125 0.081481
0 0.616146 0.250926 0.051042 0.083333
0 0.779687 0.251852 0.059375 0.085185
0 0.746875 0.384259 0.085417 0.142593
0 0.688542 0.573148 0.129167 0.209259
0 0.923958 0.591667 0.118750 0.194444
0 0.326562 0.230556 0.051042 0.072222
0 0.260417 0.738889 0.158333 0.251852
0 0.368750 0.267593 0.056250 0.087037
0 0.333333 0.404630 0.091667 0.131481
0 0.511458 0.176852 0.037500 0.061111
0 0.429688 0.130556 0.028125 0.046296
0 0.523958 0.121296 0.027083 0.046296
0 0.469271 0.101852 0.026042 0.044444
