0 0.492188 0.123148 0.040625 0.061111
0 0.623437 0.450000 0.094792 0.170370
0 0.685417 0.050926 0.025000 0.031481
0 0.552604 0.306481 0.057292 0.105556
0 0.890104 0.740741 0.169792 0.303704
0 0.677604 0.066667 0.030208 0.033333
0 0.718229 0.053704 0.023958 0.033333
0 0.677604 0.089815 0.034375 0.050000
0 0.747396 0.095370 0.038542 0.053704
0 0.584375 0.125926 0.035417 0.051852
0 0.747917 0.160185 0.043750 0.057407
0 0.838542 0.195370 0.060417 0.072222
0 0.510417 0.160185 0.062500 0.057407
0 0.567187 0.054630 0.019792 0.035185
